Fecha,Estado,Positivos,Positivos_Delta,Sospechosos,Sospechosos_Delta,Negativos,Negativos_Delta,Defunciones_Positivos,Defunciones_Positivos_Delta,Defunciones_Sospechosos,Defunciones_Sospechosos_Delta,Defunciones_Negativos,Defunciones_Negativos_Delta,Positivos_Sintomas_14_Dias,Sospechosos_Sintomas_14_Dias,Negativos_Sintomas_14_Dias,Positivos_Sintomas_7_Dias,Sospechosos_Sintomas_7_Dias,Negativos_Sintomas_7_Dias
2020-02-27,YUC,0,0,,0,,0,0,0,0,0,0,0,0,0,0,0,0,0
2020-02-28,YUC,0,0,,0,,0,0,0,0,0,0,0,0,0,0,0,0,0
2020-02-29,YUC,0,0,,0,,0,0,0,0,0,0,0,0,0,0,0,0,0
2020-03-01,YUC,0,0,,0,,0,0,0,0,0,0,0,0,0,0,0,0,0
2020-03-02,YUC,0,0,,0,,0,0,0,0,0,0,0,0,0,0,0,0,0
2020-03-03,YUC,0,0,,0,,0,0,0,0,0,0,0,0,0,0,0,0,0
2020-03-04,YUC,0,0,,0,,0,0,0,0,0,0,0,0,0,0,0,0,0
2020-03-05,YUC,0,0,,0,,0,0,0,0,0,0,0,0,0,0,0,0,0
2020-03-06,YUC,0,0,,0,,0,0,0,0,0,0,0,0,0,0,0,0,0
2020-03-07,YUC,0,0,,0,,0,0,0,0,0,0,0,0,0,0,0,0,0
2020-03-08,YUC,0,0,,0,,0,0,0,0,0,0,0,0,0,0,0,0,0
2020-03-09,YUC,0,0,,0,,0,0,0,0,0,0,0,0,0,0,0,0,0
2020-03-10,YUC,0,0,,0,,0,0,0,0,0,0,0,0,0,0,0,0,0
2020-03-11,YUC,0,0,,0,,0,0,0,0,0,0,0,0,0,0,0,0,0
2020-03-12,YUC,0,0,,0,,0,0,0,0,0,0,0,0,0,0,0,0,0
2020-03-13,YUC,1,1,3,0,,0,0,0,0,0,0,0,0,0,0,0,0,0
2020-03-14,YUC,1,0,1,-2,,0,0,0,0,0,0,0,0,0,0,0,0,0
2020-03-15,YUC,1,0,1,0,,0,0,0,0,0,0,0,0,0,0,0,0,0
2020-03-16,YUC,4,3,8,7,,0,0,0,0,0,0,0,0,0,0,0,0,0
2020-03-17,YUC,5,1,4,-4,,0,0,0,0,0,0,0,0,0,0,0,0,0
2020-03-18,YUC,8,3,8,4,,0,0,0,0,0,0,0,0,0,0,0,0,0
2020-03-19,YUC,13,5,7,-1,,0,0,0,0,0,0,0,0,0,0,0,0,0
2020-03-20,YUC,13,0,10,3,,0,0,0,0,0,0,0,0,0,0,0,0,0
2020-03-21,YUC,14,1,11,1,,0,0,0,0,0,0,0,0,0,0,0,0,0
2020-03-22,YUC,19,5,3,-8,,0,0,0,0,0,0,0,0,0,0,0,0,0
2020-03-23,YUC,19,0,8,5,,0,0,0,0,0,0,0,0,0,0,0,0,0
2020-03-24,YUC,24,5,16,8,,0,0,0,0,0,0,0,0,0,0,0,0,0
2020-03-25,YUC,29,5,16,0,,0,0,0,0,0,0,0,0,0,0,0,0,0
2020-03-26,YUC,32,3,18,2,,0,0,0,0,0,0,0,0,0,0,0,0,0
2020-03-27,YUC,36,4,19,1,,0,0,0,0,0,0,0,0,0,0,0,0,0
2020-03-28,YUC,38,2,10,-9,,0,0,0,0,0,0,0,0,0,0,0,0,0
2020-03-29,YUC,41,3,25,15,,0,0,0,0,0,0,0,0,0,0,0,0,0
2020-03-30,YUC,46,5,18,-7,,0,0,0,0,0,0,0,0,0,0,0,0,0
2020-03-31,YUC,49,3,25,7,,0,0,0,0,0,0,0,0,0,0,0,0,0
2020-04-01,YUC,52,3,34,9,,0,0,0,0,0,0,0,0,0,0,0,0,0
2020-04-02,YUC,53,1,72,38,,0,0,0,0,0,0,0,0,0,0,0,0,0
2020-04-03,YUC,59,6,69,-3,,0,0,0,0,0,0,0,0,0,0,0,0,0
2020-04-04,YUC,62,3,61,-8,242,0,0,0,0,0,0,0,0,0,0,0,0,0
2020-04-05,YUC,67,5,68,7,262,20,2,2,0,0,0,0,0,0,0,0,0,0
2020-04-06,YUC,72,5,64,-4,281,19,2,0,0,0,0,0,0,0,0,0,0,0
2020-04-07,YUC,74,2,88,24,340,59,2,0,0,0,0,0,0,0,0,0,0,0
2020-04-08,YUC,74,0,148,60,343,3,3,1,0,0,0,0,0,0,0,0,0,0
2020-04-09,YUC,88,14,170,22,362,19,3,0,0,0,0,0,0,0,0,0,0,0
2020-04-10,YUC,88,0,129,-41,427,65,4,1,0,0,0,0,0,0,0,0,0,0
2020-04-11,YUC,103,15,95,-34,463,36,4,0,0,0,0,0,0,0,0,0,0,0
2020-04-12,YUC,107,4,74,-21,502,39,6,2,1,1,3,3,34,50,187,8,25,41
2020-04-13,YUC,114,7,96,22,504,2,6,0,2,1,3,0,37,66,159,7,40,23
2020-04-14,YUC,116,2,147,51,519,15,7,1,1,-1,5,2,34,112,153,4,76,27
2020-04-15,YUC,128,12,163,16,531,12,7,0,0,-1,7,2,42,124,132,8,84,21
2020-04-16,YUC,131,3,181,18,550,19,7,0,0,0,7,0,42,143,128,7,98,25
2020-04-17,YUC,140,9,215,34,553,3,8,1,4,4,7,0,42,175,121,12,113,24
2020-04-18,YUC,172,32,105,-110,641,88,10,2,2,-2,9,2,71,76,191,26,58,42
2020-04-19,YUC,176,4,108,3,652,11,10,0,2,0,9,0,72,74,187,18,48,31
2020-04-20,YUC,191,15,67,-41,696,44,10,0,2,0,10,1,75,38,202,16,26,44
2020-04-21,YUC,194,3,59,-8,707,11,12,2,1,-1,10,0,71,52,192,11,38,31
2020-04-22,YUC,199,5,67,8,741,34,15,3,0,-1,13,3,62,58,192,5,39,27
2020-04-23,YUC,234,35,60,-7,801,60,18,3,0,0,14,1,92,52,231,17,35,50
2020-04-24,YUC,244,10,86,26,815,14,19,1,0,0,14,0,95,79,218,16,64,28
2020-04-25,YUC,299,55,88,2,890,75,20,1,0,0,19,5,114,83,261,29,67,45
2020-04-26,YUC,321,22,79,-9,920,30,20,0,2,2,21,2,120,74,261,31,56,48
2020-04-27,YUC,350,29,109,30,976,56,23,3,1,-1,26,5,134,104,288,29,77,56
2020-04-28,YUC,375,25,193,84,1009,33,23,0,2,1,28,2,147,179,286,25,149,62
2020-04-29,YUC,401,26,209,16,1050,41,26,3,3,1,29,1,159,205,294,30,174,71
2020-04-30,YUC,445,44,257,48,1093,43,26,0,3,0,31,2,188,249,317,51,209,86
2020-05-01,YUC,485,40,204,-53,1209,116,30,4,2,-1,31,0,210,201,384,53,171,154
2020-05-02,YUC,530,45,160,-44,1267,58,30,0,2,0,31,0,231,156,405,65,121,178
2020-05-03,YUC,584,54,98,-62,1314,47,31,1,2,0,33,2,260,97,426,70,77,165
2020-05-04,YUC,604,20,191,93,1328,14,31,0,1,-1,33,0,252,151,401,43,128,98
2020-05-05,YUC,645,41,148,-43,1388,60,33,2,2,1,38,5,262,146,443,48,120,85
2020-05-06,YUC,684,39,153,5,1445,57,36,3,1,-1,43,5,287,148,462,61,128,103
2020-05-07,YUC,721,37,179,26,1496,51,39,3,1,0,43,0,294,173,478,55,144,105
2020-05-08,YUC,747,26,208,29,1557,61,48,9,1,0,45,2,283,197,501,49,150,131
2020-05-09,YUC,784,37,161,-47,1651,94,48,0,3,2,46,1,287,132,556,52,94,147
2020-05-10,YUC,823,39,109,-52,1694,43,48,0,2,-1,47,1,287,106,537,60,73,144
2020-05-11,YUC,842,19,143,34,1732,38,51,3,2,0,48,1,254,133,490,45,103,108
2020-05-12,YUC,877,35,195,52,1761,29,54,3,3,1,49,1,257,185,446,46,147,74
2020-05-13,YUC,918,41,184,-11,1826,65,54,0,4,1,51,2,279,182,473,54,141,85
2020-05-14,YUC,967,49,207,23,1890,64,62,8,5,1,57,6,286,202,482,70,151,101
2020-05-15,YUC,1018,51,255,48,1947,57,68,6,5,0,58,1,297,246,486,77,193,122
2020-05-16,YUC,1077,59,166,-89,2033,86,76,8,5,0,60,2,319,153,504,87,106,152
2020-05-17,YUC,1108,31,151,-15,2083,50,77,1,5,0,60,0,324,140,509,66,90,132
2020-05-18,YUC,1146,38,184,33,2110,27,80,3,6,1,60,0,322,168,463,60,111,103
2020-05-19,YUC,1199,53,239,55,2137,27,84,4,6,0,63,3,341,222,422,72,161,90
2020-05-21,YUC,1318,119,219,-20,2287,150,100,16,5,-1,73,10,387,199,482,100,161,133
2020-05-22,YUC,1360,42,339,120,2372,85,109,9,6,1,74,1,383,207,529,87,162,157
2020-05-23,YUC,1415,55,303,-36,2422,50,110,1,7,1,74,0,399,168,522,90,128,155
2020-05-24,YUC,1483,68,255,-48,2471,49,116,6,5,-2,77,3,409,121,504,99,84,132
2020-05-25,YUC,1519,36,301,46,2509,38,123,7,5,0,77,0,392,167,482,78,127,108
2020-05-26,YUC,1564,45,354,53,2566,57,128,5,5,0,79,2,393,218,498,85,173,111
2020-05-27,YUC,1599,35,423,69,2591,25,132,4,6,1,83,4,390,279,473,68,222,76
2020-05-28,YUC,1658,59,370,-53,2749,158,139,7,5,-1,88,5,404,271,538,74,220,132
2020-05-29,YUC,1693,35,372,2,2830,81,142,3,5,0,89,1,377,275,548,61,218,143
2020-05-30,YUC,1768,75,333,-39,2904,74,146,4,6,1,91,2,399,234,567,87,176,171
2020-05-31,YUC,1819,51,316,-17,2956,52,155,9,6,0,91,0,404,217,550,67,158,154
2020-06-01,YUC,1859,40,362,46,2986,30,164,9,6,0,95,4,386,258,520,54,189,114
2020-06-02,YUC,1915,56,323,-39,3077,91,173,9,8,2,101,6,410,215,553,62,147,124
2020-06-03,YUC,1957,42,315,-8,3133,56,192,19,3,-5,108,7,386,206,542,67,137,126
2020-06-04,YUC,2010,53,245,-70,3209,76,202,10,2,-1,112,4,385,148,556,74,84,127
2020-06-05,YUC,2057,47,211,-34,3271,62,207,5,1,-1,113,1,374,110,560,65,83,109
2020-06-06,YUC,2097,40,195,-16,3288,17,208,1,2,1,115,2,368,91,530,70,61,88
2020-06-07,YUC,2127,30,208,13,3306,18,208,0,3,1,116,1,332,100,472,70,65,67
2020-06-08,YUC,2147,20,320,112,3326,20,211,3,8,5,117,1,303,206,409,42,156,40
2020-06-09,YUC,2193,46,377,57,3385,59,219,8,7,-1,122,5,296,264,388,47,197,66
2020-06-10,YUC,2280,87,378,1,3427,42,225,6,7,0,123,1,342,265,367,77,210,78
2020-06-11,YUC,2334,54,376,-2,3529,102,232,7,8,1,122,-1,361,280,392,87,229,139
2020-06-12,YUC,2417,83,383,7,3628,99,240,8,8,0,123,1,392,335,416,112,282,163
2020-06-13,YUC,2482,65,364,-19,3670,42,246,6,1,-7,125,2,416,318,410,124,253,147
2020-06-14,YUC,2521,39,338,-26,3747,77,248,2,1,0,125,0,423,294,440,108,231,142
2020-06-15,YUC,2578,57,406,68,3799,52,256,8,3,2,126,1,414,364,437,84,291,123
2020-06-16,YUC,2684,106,374,-32,3921,122,275,19,2,-1,132,6,472,333,527,103,274,169
2020-06-17,YUC,2769,85,365,-9,4044,123,301,26,1,-1,134,2,512,325,622,102,261,183
2020-06-18,YUC,2864,95,359,-6,4114,70,305,4,1,0,137,3,554,328,654,135,251,174
2020-06-19,YUC,2981,117,391,32,4222,108,318,13,1,0,141,4,625,355,710,166,289,200
2020-06-20,YUC,3073,92,417,26,4278,56,323,5,1,0,141,0,650,388,704,174,321,189
2020-06-21,YUC,3153,80,370,-47,4340,62,327,4,1,0,142,1,678,336,686,171,272,151
2020-06-22,YUC,3235,82,432,62,4420,80,331,4,2,1,144,2,671,395,687,155,295,160
2020-06-23,YUC,3409,174,373,-59,4513,93,339,8,3,1,147,3,768,339,717,188,268,159
2020-06-24,YUC,3530,121,460,87,4632,119,355,16,3,0,150,3,793,415,724,208,345,187
2020-06-25,YUC,3676,146,491,31,4720,88,368,13,4,1,152,2,867,442,733,211,343,185
2020-06-26,YUC,3813,137,487,-4,4833,113,377,9,5,1,154,2,932,443,773,231,340,238
2020-06-27,YUC,3995,182,352,-135,4947,114,391,14,3,-2,159,5,1033,304,831,249,199,222
2020-06-28,YUC,4147,152,341,-11,5007,60,393,2,4,1,161,2,1105,291,798,255,204,186
2020-06-29,YUC,4233,86,543,202,5096,89,398,5,2,-2,162,1,1072,483,811,198,392,191
2020-06-30,YUC,4405,172,686,143,5211,115,414,16,2,0,165,3,1116,623,837,246,529,225
2020-07-01,YUC,4519,114,927,241,5323,112,443,29,2,0,168,3,1140,878,859,227,760,236
2020-07-02,YUC,4612,93,965,38,5521,198,466,23,5,3,170,2,1079,908,957,193,740,348
2020-07-03,YUC,4855,243,761,-204,5876,355,477,11,4,-1,171,1,1190,702,1246,248,576,589
2020-07-04,YUC,4987,132,588,-173,6136,260,480,3,6,2,171,0,1151,517,1376,235,409,703
2020-07-05,YUC,5103,116,541,-47,6256,120,483,3,4,-2,172,1,1138,465,1405,212,348,681
2020-07-06,YUC,5247,144,512,-29,6380,124,501,18,6,2,175,3,1124,427,1437,204,326,405
2020-07-07,YUC,5375,128,632,120,6527,147,521,20,5,-1,178,3,1126,544,1500,220,415,349
2020-07-08,YUC,5558,183,762,130,6655,128,539,18,6,1,186,8,1189,675,1515,246,550,270
2020-07-09,YUC,5716,158,814,52,6832,177,557,18,5,-1,191,5,1195,727,1595,237,620,277
2020-07-10,YUC,5909,193,780,-34,7009,177,572,15,2,-3,199,8,1225,687,1658,261,579,326
2020-07-11,YUC,6091,182,518,-262,7228,219,578,6,3,1,200,1,1261,419,1748,327,304,455
2020-07-12,YUC,6237,146,437,-81,7371,143,582,4,3,0,200,0,1264,324,1742,270,226,369
2020-07-13,YUC,6346,109,573,136,7421,50,588,6,2,-1,201,1,1226,458,1396,207,332,288
2020-07-14,YUC,6617,271,491,-82,7560,139,604,16,3,1,203,2,1365,370,1328,267,249,258
2020-07-15,YUC,6705,88,553,62,7631,71,612,8,3,0,210,7,1275,422,1179,230,271,155
2020-07-16,YUC,6910,205,467,-86,7754,123,658,46,3,0,213,3,1314,345,1138,294,205,183
2020-07-17,YUC,6972,62,681,214,7805,51,684,26,9,6,215,2,1216,537,1067,183,349,124
2020-07-18,YUC,7110,138,718,37,7941,136,692,8,5,-4,220,5,1212,562,1122,200,383,155
2020-07-19,YUC,7268,158,603,-115,8102,161,699,7,6,1,221,1,1198,443,1045,202,260,214
2020-07-20,YUC,7345,77,672,69,8145,43,707,8,4,-2,225,4,1102,501,946,131,293,172
2020-07-21,YUC,7527,182,720,48,8258,113,727,20,6,2,229,4,1084,534,893,174,312,182
2020-07-22,YUC,7707,180,804,84,8374,116,743,16,5,-1,231,2,1111,604,831,194,361,153
2020-07-23,YUC,8008,301,807,3,8498,124,763,20,6,1,234,3,1281,613,858,266,400,142
2020-07-24,YUC,8187,179,830,23,8655,157,780,17,8,2,236,2,1241,619,881,250,393,190
2020-07-25,YUC,8449,262,788,-42,8850,195,801,21,10,2,239,3,1345,598,975,256,429,255
2020-07-26,YUC,8674,225,593,-195,9026,176,812,11,9,-1,245,6,1402,389,1058,291,241,315
2020-07-27,YUC,8803,129,562,-31,9101,75,825,13,9,0,252,7,1363,376,1030,210,223,229
2020-07-28,YUC,8990,187,647,85,9233,132,838,13,9,0,256,4,1396,452,1064,236,279,211
2020-07-29,YUC,9141,151,844,197,9347,114,841,3,11,2,256,0,1371,649,1026,229,453,187
2020-07-30,YUC,9491,350,676,-168,9555,208,858,17,13,2,258,2,1538,517,1091,318,352,244
2020-07-31,YUC,9685,194,905,229,9674,119,874,16,11,-2,262,4,1509,742,1092,318,507,237
2020-08-01,YUC,10155,470,568,-337,9872,198,890,16,12,1,273,11,1785,403,1184,425,250,239
2020-08-02,YUC,10341,186,513,-55,9976,104,902,12,13,1,277,4,1774,346,1169,387,203,216
2020-08-03,YUC,10513,172,450,-63,10058,82,916,14,12,-1,283,6,1714,286,1059,290,170,172
2020-08-04,YUC,10681,168,487,37,10160,102,935,19,13,1,289,6,1722,313,1031,250,203,192
2020-08-05,YUC,10858,177,518,31,10262,102,957,22,12,-1,293,4,1716,326,1001,262,203,197
2020-08-06,YUC,11106,248,458,-60,10378,116,974,17,14,2,299,6,1733,258,981,316,168,191
2020-08-07,YUC,11273,167,446,-12,10498,120,992,18,11,-3,306,7,1669,238,964,292,177,224
2020-08-08,YUC,11477,204,476,30,10596,98,1013,21,11,0,310,4,1539,255,888,222,195,183
2020-08-09,YUC,11578,101,445,-31,10702,106,1025,12,12,1,315,5,1414,217,873,192,165,183
2020-08-10,YUC,11757,179,408,-37,10789,87,1048,23,12,0,318,3,1254,217,822,169,135,181
2020-08-11,YUC,11966,209,329,-79,10884,95,1072,24,11,-1,320,2,1267,141,852,240,76,197
2020-08-12,YUC,12061,95,495,166,10935,51,1094,22,12,1,326,6,1206,298,807,181,216,150
2020-08-13,YUC,12218,157,472,-23,11044,109,1107,13,12,0,328,2,1200,271,813,186,184,149
2020-08-14,YUC,12369,151,487,15,11149,105,1125,18,12,0,329,1,1170,277,834,197,192,155
2020-08-15,YUC,12468,99,512,25,11285,136,1135,10,12,0,334,5,1046,294,839,153,232,177
2020-08-16,YUC,12637,169,414,-98,11373,88,1144,9,12,0,335,1,1065,190,821,199,136,207
2020-08-17,YUC,12747,110,429,15,11415,42,1151,7,12,0,335,0,1017,200,789,167,137,124
2020-08-18,YUC,12892,145,518,89,11454,39,1172,21,8,-4,337,2,1035,302,736,176,224,100
2020-08-19,YUC,13053,161,596,78,11547,93,1180,8,9,1,340,3,1043,376,718,206,313,124
2020-08-20,YUC,13280,227,461,-135,11704,157,1192,12,8,-1,343,3,1124,251,752,278,191,203
2020-08-21,YUC,13420,140,494,33,11784,80,1201,9,8,0,346,3,1127,290,729,250,225,204
2020-08-22,YUC,13590,170,523,29,11905,121,1222,21,5,-3,349,3,1145,317,756,279,254,225
2020-08-23,YUC,13669,79,564,41,11941,36,1229,7,2,-3,351,2,1118,361,735,229,282,175
2020-08-24,YUC,13779,110,517,-47,12033,92,1235,6,3,1,354,3,1077,309,691,184,227,162
2020-08-25,YUC,13967,188,454,-63,12137,104,1248,13,2,-1,361,7,1135,296,724,236,219,180
2020-08-26,YUC,14132,165,497,43,12201,64,1268,20,3,1,363,2,1184,336,726,261,236,156
2020-08-27,YUC,14295,163,425,-72,12289,88,1279,11,3,0,363,0,1208,259,755,261,137,164
2020-08-28,YUC,14397,102,610,185,12361,72,1294,15,3,0,367,4,1148,434,741,251,278,171
2020-08-29,YUC,14627,230,639,29,12450,89,1300,6,3,0,369,2,1250,465,736,339,293,201
2020-08-30,YUC,14753,126,562,-77,12556,106,1304,4,2,-1,369,0,1238,384,749,317,226,229
2020-08-31,YUC,14848,95,546,-16,12615,59,1314,10,2,0,370,1,1180,334,706,255,186,204
2020-09-01,YUC,15005,157,632,86,12723,108,1320,6,2,0,374,4,1193,418,738,218,294,229
2020-09-02,YUC,15154,149,685,53,12902,179,1329,9,1,-1,376,2,1194,467,833,197,386,252
2020-09-03,YUC,15342,188,609,-76,13152,250,1350,21,1,0,381,5,1203,389,981,238,347,347
2020-09-04,YUC,15467,125,682,73,13333,181,1367,17,2,1,382,1,1180,458,1103,248,378,344
2020-09-05,YUC,15628,161,650,-32,13535,202,1373,6,3,1,383,1,1202,425,1233,312,350,440
2020-09-06,YUC,15743,115,499,-151,13724,189,1382,9,1,-2,384,1,1167,273,1345,282,199,428
2020-09-07,YUC,15847,104,410,-89,13809,85,1388,6,2,1,385,1,1100,179,1333,238,127,373
2020-09-08,YUC,15965,118,472,62,13921,112,1396,8,1,-1,390,5,1059,289,1313,209,221,299
2020-09-09,YUC,16093,128,600,128,14002,81,1400,4,1,0,392,2,1041,415,1261,219,336,267
2020-09-10,YUC,16269,176,570,-30,14145,143,1406,6,1,0,393,1,1089,387,1279,251,312,235
2020-09-11,YUC,16452,183,585,15,14303,158,1415,9,1,0,394,1,1129,399,1222,303,339,282
2020-09-12,YUC,16533,81,741,156,14413,110,1440,25,2,1,397,3,1129,554,1234,261,488,309
