Fecha,Estado,Positivos,Positivos_Delta,Sospechosos,Sospechosos_Delta,Negativos,Negativos_Delta,Defunciones_Positivos,Defunciones_Positivos_Delta,Defunciones_Sospechosos,Defunciones_Sospechosos_Delta,Defunciones_Negativos,Defunciones_Negativos_Delta,Positivos_Sintomas_14_Dias,Sospechosos_Sintomas_14_Dias,Negativos_Sintomas_14_Dias,Positivos_Sintomas_7_Dias,Sospechosos_Sintomas_7_Dias,Negativos_Sintomas_7_Dias
2020-02-27,SIN,0,0,,0,,0,0,0,0,0,0,0,0,0,0,0,0,0
2020-02-28,SIN,1,1,,0,,0,0,0,0,0,0,0,0,0,0,0,0,0
2020-02-29,SIN,1,0,,0,,0,0,0,0,0,0,0,0,0,0,0,0,0
2020-03-01,SIN,1,0,,0,,0,0,0,0,0,0,0,0,0,0,0,0,0
2020-03-02,SIN,1,0,,0,,0,0,0,0,0,0,0,0,0,0,0,0,0
2020-03-03,SIN,1,0,,0,,0,0,0,0,0,0,0,0,0,0,0,0,0
2020-03-04,SIN,1,0,,0,,0,0,0,0,0,0,0,0,0,0,0,0,0
2020-03-05,SIN,1,0,,0,,0,0,0,0,0,0,0,0,0,0,0,0,0
2020-03-06,SIN,1,0,,0,,0,0,0,0,0,0,0,0,0,0,0,0,0
2020-03-07,SIN,1,0,,0,,0,0,0,0,0,0,0,0,0,0,0,0,0
2020-03-08,SIN,1,0,,0,,0,0,0,0,0,0,0,0,0,0,0,0,0
2020-03-09,SIN,1,0,,0,,0,0,0,0,0,0,0,0,0,0,0,0,0
2020-03-10,SIN,1,0,,0,,0,0,0,0,0,0,0,0,0,0,0,0,0
2020-03-11,SIN,1,0,,0,,0,0,0,0,0,0,0,0,0,0,0,0,0
2020-03-12,SIN,1,0,,0,,0,0,0,0,0,0,0,0,0,0,0,0,0
2020-03-13,SIN,1,0,2,0,,0,0,0,0,0,0,0,0,0,0,0,0,0
2020-03-14,SIN,1,0,3,1,,0,0,0,0,0,0,0,0,0,0,0,0,0
2020-03-15,SIN,2,1,3,0,,0,0,0,0,0,0,0,0,0,0,0,0,0
2020-03-16,SIN,2,0,4,1,,0,0,0,0,0,0,0,0,0,0,0,0,0
2020-03-17,SIN,2,0,1,-3,,0,0,0,0,0,0,0,0,0,0,0,0,0
2020-03-18,SIN,2,0,5,4,,0,0,0,0,0,0,0,0,0,0,0,0,0
2020-03-19,SIN,3,1,4,-1,,0,0,0,0,0,0,0,0,0,0,0,0,0
2020-03-20,SIN,3,0,5,1,,0,0,0,0,0,0,0,0,0,0,0,0,0
2020-03-21,SIN,3,0,10,5,,0,0,0,0,0,0,0,0,0,0,0,0,0
2020-03-22,SIN,4,1,9,-1,,0,0,0,0,0,0,0,0,0,0,0,0,0
2020-03-23,SIN,4,0,12,3,,0,0,0,0,0,0,0,0,0,0,0,0,0
2020-03-24,SIN,4,0,23,11,,0,0,0,0,0,0,0,0,0,0,0,0,0
2020-03-25,SIN,4,0,46,23,,0,0,0,0,0,0,0,0,0,0,0,0,0
2020-03-26,SIN,8,4,54,8,,0,0,0,0,0,0,0,0,0,0,0,0,0
2020-03-27,SIN,9,1,60,6,,0,0,0,0,0,0,0,0,0,0,0,0,0
2020-03-28,SIN,14,5,84,24,,0,0,0,0,0,0,0,0,0,0,0,0,0
2020-03-29,SIN,19,5,88,4,,0,0,0,0,0,0,0,0,0,0,0,0,0
2020-03-30,SIN,24,5,77,-11,,0,3,3,0,0,0,0,0,0,0,0,0,0
2020-03-31,SIN,27,3,125,48,,0,3,0,0,0,0,0,0,0,0,0,0,0
2020-04-01,SIN,32,5,132,7,,0,4,1,0,0,0,0,0,0,0,0,0,0
2020-04-02,SIN,42,10,181,49,,0,4,0,0,0,0,0,0,0,0,0,0,0
2020-04-03,SIN,51,9,234,53,,0,5,1,0,0,0,0,0,0,0,0,0,0
2020-04-04,SIN,74,23,253,19,223,0,10,5,0,0,0,0,0,0,0,0,0,0
2020-04-05,SIN,90,16,248,-5,242,19,12,2,0,0,0,0,0,0,0,0,0,0
2020-04-06,SIN,97,7,271,23,254,12,12,0,0,0,0,0,0,0,0,0,0,0
2020-04-07,SIN,111,14,329,58,314,60,13,1,0,0,0,0,0,0,0,0,0,0
2020-04-08,SIN,125,14,365,36,359,45,13,0,0,0,0,0,0,0,0,0,0,0
2020-04-09,SIN,138,13,390,25,415,56,15,2,0,0,0,0,0,0,0,0,0,0
2020-04-10,SIN,171,33,376,-14,472,57,18,3,0,0,0,0,0,0,0,0,0,0
2020-04-11,SIN,214,43,279,-97,571,99,24,6,0,0,0,0,0,0,0,0,0,0
2020-04-12,SIN,229,15,215,-64,663,92,24,0,3,3,9,9,112,132,227,17,51,27
2020-04-13,SIN,245,16,229,14,708,45,28,4,3,0,9,0,113,143,234,18,63,31
2020-04-14,SIN,261,16,293,64,723,15,34,6,8,5,12,3,108,209,203,18,101,19
2020-04-15,SIN,292,31,325,32,764,41,38,4,8,0,12,0,121,235,206,21,125,28
2020-04-16,SIN,327,35,324,-1,803,39,40,2,8,0,12,0,137,240,197,29,126,31
2020-04-17,SIN,374,47,347,23,787,-16,43,3,7,-1,13,1,161,256,193,32,129,31
2020-04-18,SIN,413,39,285,-62,818,31,45,2,7,0,14,1,175,200,195,28,84,35
2020-04-19,SIN,459,46,210,-75,865,47,45,0,6,-1,15,1,196,141,213,22,58,33
2020-04-20,SIN,486,27,179,-31,902,37,45,0,5,-1,16,1,191,115,216,18,38,29
2020-04-21,SIN,510,24,157,-22,919,17,52,7,6,1,17,1,186,130,206,9,43,28
2020-04-22,SIN,570,60,153,-4,1010,91,59,7,5,-1,18,1,206,117,201,26,46,20
2020-04-23,SIN,616,46,157,4,1035,25,62,3,3,-2,18,0,220,122,200,34,54,20
2020-04-24,SIN,692,76,163,6,1063,28,92,30,3,0,31,13,244,125,184,45,58,22
2020-04-25,SIN,711,19,227,64,1079,16,98,6,2,-1,32,1,226,188,174,38,112,20
2020-04-26,SIN,750,39,251,24,1091,12,105,7,2,0,32,0,226,222,151,29,132,16
2020-04-27,SIN,798,48,323,72,1112,21,122,17,10,8,38,6,233,282,139,29,149,15
2020-04-28,SIN,806,8,458,135,1139,27,130,8,17,7,39,1,208,410,139,18,215,24
2020-04-29,SIN,824,18,566,108,1153,14,133,3,18,1,42,3,197,513,121,12,271,23
2020-04-30,SIN,869,45,649,83,1183,30,139,6,18,0,43,1,201,577,136,21,278,29
2020-05-01,SIN,1012,143,568,-81,1245,62,159,20,11,-7,44,1,278,516,169,35,269,30
2020-05-02,SIN,1081,69,546,-22,1270,25,163,4,10,-1,44,0,297,499,169,25,258,26
2020-05-03,SIN,1125,44,469,-77,1343,73,170,7,13,3,44,0,289,420,221,30,213,56
2020-05-04,SIN,1168,43,498,29,1385,42,173,3,13,0,44,0,246,437,233,35,222,56
2020-05-05,SIN,1202,34,596,98,1439,54,173,0,13,0,44,0,245,528,263,39,288,74
2020-05-06,SIN,1257,55,637,41,1499,60,180,7,18,5,44,0,253,583,296,26,375,55
2020-05-07,SIN,1319,62,678,41,1584,85,197,17,25,7,47,3,259,635,342,23,398,56
2020-05-08,SIN,1380,61,662,-16,1625,41,204,7,23,-2,48,1,257,608,329,28,306,46
2020-05-09,SIN,1401,21,655,-7,1661,36,207,3,28,5,49,1,215,595,328,28,263,56
2020-05-10,SIN,1479,78,575,-80,1729,68,213,6,26,-2,56,7,252,515,359,25,208,42
2020-05-11,SIN,1526,47,518,-57,1813,84,216,3,26,0,57,1,244,454,399,16,180,25
2020-05-12,SIN,1588,62,514,-4,1916,103,230,14,30,4,62,5,261,450,459,13,183,33
2020-05-13,SIN,1629,41,547,33,1971,55,248,18,25,-5,66,4,255,489,440,17,217,39
2020-05-14,SIN,1725,96,546,-1,2054,83,253,5,33,8,71,5,292,487,416,25,238,35
2020-05-15,SIN,1823,98,562,16,2144,90,261,8,35,2,72,1,287,486,396,37,267,48
2020-05-16,SIN,1871,48,617,55,2230,86,282,21,37,2,77,5,295,542,420,34,288,61
2020-05-17,SIN,1936,65,585,-32,2285,55,285,3,45,8,78,1,289,505,400,36,215,44
2020-05-18,SIN,2028,92,512,-73,2378,93,299,14,55,10,83,5,323,427,406,36,177,41
2020-05-19,SIN,2088,60,650,138,2423,45,320,21,62,7,88,5,328,521,381,27,246,29
2020-05-21,SIN,2252,164,806,156,2520,97,354,34,72,10,97,9,366,644,341,32,332,24
2020-05-22,SIN,2338,86,887,81,2614,94,366,12,79,7,101,4,381,719,370,26,315,28
2020-05-23,SIN,2448,110,852,-35,2696,82,380,14,79,0,104,3,419,686,378,26,283,38
2020-05-24,SIN,2598,150,674,-178,2794,98,390,10,56,-23,123,19,459,506,363,29,193,48
2020-05-25,SIN,2808,210,476,-198,2907,113,406,16,50,-6,126,3,562,325,390,54,147,59
2020-05-26,SIN,2827,19,748,272,2906,-1,427,21,57,7,129,3,496,570,333,27,261,32
2020-05-27,SIN,2917,90,927,179,2991,85,431,4,60,3,135,6,509,742,358,34,334,38
2020-05-28,SIN,3030,113,1008,81,3059,68,448,17,68,8,136,1,524,814,356,28,402,31
2020-05-29,SIN,3139,109,1102,94,3104,45,460,12,69,1,139,3,471,885,323,36,396,33
2020-05-30,SIN,3275,136,1109,7,3161,57,488,28,63,-6,147,8,488,883,319,34,363,26
2020-05-31,SIN,3437,162,1014,-95,3230,69,501,13,60,-3,150,3,551,782,337,29,289,23
2020-06-01,SIN,3595,158,974,-40,3289,59,522,21,71,11,156,6,591,712,334,30,250,19
2020-06-02,SIN,3713,118,1164,190,3328,39,548,26,75,4,157,1,588,879,308,19,361,13
2020-06-03,SIN,3917,204,1201,37,3363,35,624,76,43,-32,159,2,588,915,269,26,370,12
2020-06-04,SIN,4050,133,1293,92,3473,110,646,22,50,7,166,7,592,997,303,29,419,28
2020-06-05,SIN,4253,203,1375,82,3533,60,673,27,46,-4,167,1,627,1073,299,41,482,28
2020-06-06,SIN,4421,168,1431,56,3566,33,684,11,55,9,168,1,640,1119,270,58,530,26
2020-06-07,SIN,4569,148,1350,-81,3665,99,708,24,55,0,170,2,631,1036,291,45,458,33
2020-06-08,SIN,4779,210,1251,-99,3796,131,732,24,52,-3,174,4,652,926,356,48,348,57
2020-06-09,SIN,4883,104,1499,248,3827,31,774,42,60,8,186,12,611,1155,339,30,484,36
2020-06-10,SIN,5080,197,1626,127,3894,67,800,26,55,-5,190,4,663,1271,342,36,599,20
2020-06-11,SIN,5210,130,1751,125,3992,98,835,35,68,13,193,3,661,1374,365,29,649,20
2020-06-12,SIN,5333,123,1951,200,4067,75,852,17,77,9,197,4,643,1528,371,39,613,26
2020-06-13,SIN,5382,49,2111,160,4096,29,867,15,69,-8,203,6,563,1661,349,8,564,14
2020-06-14,SIN,5651,269,1859,-252,4189,93,879,12,68,-1,206,3,647,1420,361,10,483,10
2020-06-15,SIN,5870,219,1842,-17,4243,54,907,28,70,2,210,4,639,1330,311,19,426,8
2020-06-16,SIN,5962,92,1997,155,4333,90,933,26,79,9,212,2,599,1429,320,16,458,14
2020-06-17,SIN,6036,74,2214,217,4388,55,953,20,80,1,217,5,529,1601,278,7,468,1
2020-06-18,SIN,6170,134,2291,77,4448,60,967,14,85,5,221,4,492,1653,262,8,512,4
2020-06-19,SIN,6347,177,2330,39,4540,92,990,23,85,0,226,5,427,1659,236,7,500,5
2020-06-20,SIN,6495,148,2342,12,4598,58,1005,15,98,13,226,0,341,1691,189,4,514,3
2020-06-21,SIN,6701,206,2140,-202,4717,119,1020,15,96,-2,228,2,371,1518,222,12,434,18
2020-06-22,SIN,6789,88,2288,148,4724,7,1032,12,94,-2,231,3,287,1577,169,5,334,9
2020-06-23,SIN,7330,541,1829,-459,5006,282,1098,66,86,-8,247,16,546,1270,291,12,394,9
2020-06-24,SIN,7490,160,1885,56,5132,126,1126,28,94,8,251,4,485,1282,304,11,475,14
2020-06-25,SIN,7587,97,2047,162,5181,49,1147,21,103,9,253,2,454,1390,298,8,505,12
2020-06-26,SIN,7782,195,2066,19,5283,102,1169,22,98,-5,259,6,456,1428,303,21,518,16
2020-06-27,SIN,7819,37,2086,20,5252,-31,1218,49,109,11,260,1,441,1449,289,15,411,12
2020-06-28,SIN,7913,94,2037,-49,5325,73,1236,18,104,-5,263,3,406,1397,284,5,342,8
2020-06-29,SIN,8128,215,1908,-129,5495,170,1257,21,96,-8,269,6,369,1264,304,8,283,20
2020-06-30,SIN,8313,185,1843,-65,5611,116,1298,41,111,15,272,3,414,1171,313,11,328,17
2020-07-01,SIN,8472,159,1842,-1,5722,111,1331,33,105,-6,276,4,443,1142,346,8,395,7
2020-07-02,SIN,8627,155,1946,104,5776,54,1356,25,101,-4,277,1,426,1218,320,10,439,2
2020-07-03,SIN,8762,135,2029,83,5860,84,1383,27,96,-5,284,7,411,1318,315,12,454,6
2020-07-04,SIN,8918,156,1995,-34,5928,68,1404,21,93,-3,287,3,355,1227,236,19,422,9
2020-07-05,SIN,8977,59,2027,32,5951,23,1413,9,103,10,289,2,303,1234,196,11,341,6
2020-07-06,SIN,9179,202,1882,-145,6116,165,1434,21,101,-2,292,3,366,1102,241,8,333,7
2020-07-07,SIN,9348,169,1819,-63,6316,200,1477,43,107,6,303,11,410,1085,328,13,372,18
2020-07-08,SIN,9542,194,1800,-19,6436,120,1508,31,101,-6,311,8,463,1082,365,14,401,16
2020-07-09,SIN,9645,103,1924,124,6526,90,1545,37,113,12,313,2,425,1188,357,19,429,18
2020-07-10,SIN,9789,144,1975,51,6633,107,1578,33,100,-13,323,10,436,1218,354,24,411,19
2020-07-11,SIN,9910,121,1901,-74,6743,110,1608,30,96,-4,331,8,446,1127,382,22,359,22
2020-07-12,SIN,10119,209,1830,-71,6881,138,1640,32,94,-2,341,10,475,1028,392,25,259,20
2020-07-13,SIN,10328,209,1768,-62,6983,102,1655,15,97,3,345,4,534,968,393,27,252,11
2020-07-14,SIN,10579,251,1663,-105,7169,186,1689,34,105,8,360,15,617,884,467,25,329,31
2020-07-15,SIN,10764,185,1586,-77,7298,129,1714,25,105,0,366,6,592,806,449,15,354,23
2020-07-16,SIN,10876,112,1632,46,7370,72,1739,25,105,0,372,6,546,818,411,23,325,27
2020-07-17,SIN,11052,176,1571,-61,7479,109,1791,52,97,-8,377,5,548,746,402,35,256,47
2020-07-18,SIN,11318,266,1434,-137,7609,130,1821,30,97,0,381,4,639,631,448,61,236,56
2020-07-19,SIN,11327,9,1568,134,7614,5,1830,9,106,9,383,2,522,724,359,36,252,34
2020-07-20,SIN,11363,36,1573,5,7637,23,1843,13,110,4,384,1,437,694,304,17,180,9
2020-07-21,SIN,11696,333,1323,-250,7876,239,1894,51,102,-8,391,7,580,515,441,34,199,37
2020-07-22,SIN,11823,127,1311,-12,7981,105,1941,47,99,-3,402,11,548,578,479,20,239,37
2020-07-23,SIN,11929,106,1391,80,8068,87,1970,29,102,3,408,6,540,640,487,30,275,41
2020-07-24,SIN,12030,101,1462,71,8157,89,1991,21,107,5,411,3,490,665,466,46,279,46
2020-07-25,SIN,12178,148,1443,-19,8316,159,2016,25,104,-3,417,6,515,641,560,40,285,51
2020-07-26,SIN,12293,115,1349,-94,8398,82,2030,14,95,-9,418,1,517,547,568,38,222,36
2020-07-27,SIN,12346,53,1377,28,8443,45,2048,18,96,1,423,5,450,569,511,15,140,17
2020-07-28,SIN,12449,103,1433,56,8630,187,2077,29,103,7,428,5,445,630,557,20,255,28
2020-07-29,SIN,12470,21,1613,180,8653,23,2103,26,105,2,435,7,364,769,479,13,347,23
2020-07-30,SIN,12526,56,1684,71,8712,59,2159,56,112,7,441,6,345,815,460,16,326,29
2020-07-31,SIN,12693,167,1688,4,8801,89,2191,32,108,-4,455,14,412,818,431,47,297,34
2020-08-01,SIN,12781,88,1802,114,8858,57,2233,42,110,2,466,11,391,900,372,36,275,33
2020-08-02,SIN,12817,36,1891,89,8895,37,2242,9,111,1,470,4,338,940,324,24,207,24
2020-08-03,SIN,12878,61,1899,8,8925,30,2248,6,114,3,472,2,272,853,238,16,141,15
2020-08-04,SIN,13075,197,1764,-135,9095,170,2272,24,117,3,483,11,336,774,325,13,157,16
2020-08-05,SIN,13224,149,1738,-26,9207,112,2307,35,107,-10,490,7,373,779,360,8,246,14
2020-08-06,SIN,13394,170,1663,-75,9348,141,2334,27,109,2,500,10,425,721,397,22,254,28
2020-08-07,SIN,13590,196,1558,-105,9506,158,2348,14,107,-2,502,2,477,655,434,37,253,35
2020-08-08,SIN,13737,147,1584,26,9618,112,2380,32,102,-5,514,12,449,689,398,37,250,19
2020-08-09,SIN,13758,21,1673,89,9627,9,2390,10,109,7,514,0,373,750,315,27,229,11
2020-08-10,SIN,13825,67,1636,-37,9673,46,2421,31,107,-2,528,14,327,697,274,18,152,7
2020-08-11,SIN,14114,289,1265,-371,9983,310,2465,44,101,-6,546,18,458,419,463,29,148,36
2020-08-12,SIN,14183,69,1313,48,10057,74,2502,37,99,-2,555,9,444,463,464,31,163,32
2020-08-13,SIN,14227,44,1494,181,10075,18,2512,10,103,4,559,4,405,628,414,23,235,22
2020-08-14,SIN,14350,123,1374,-120,10163,88,2526,14,92,-11,560,1,416,550,420,48,191,38
2020-08-15,SIN,14475,125,1402,28,10267,104,2545,19,83,-9,568,8,384,585,376,28,247,33
2020-08-16,SIN,14503,28,1510,108,10284,17,2550,5,87,4,568,0,340,670,322,18,254,24
2020-08-17,SIN,14529,26,1534,24,10311,27,2555,5,91,4,569,1,281,647,274,9,178,10
2020-08-18,SIN,14787,258,1285,-249,10525,214,2582,27,86,-5,574,5,425,459,412,36,202,39
2020-08-19,SIN,14867,80,1341,56,10578,53,2594,12,85,-1,580,6,391,527,373,32,233,16
2020-08-20,SIN,15027,160,1218,-123,10723,145,2610,16,66,-19,594,14,442,435,446,38,222,37
2020-08-21,SIN,15165,138,1151,-67,10848,125,2627,17,68,2,598,4,500,380,488,53,196,43
2020-08-22,SIN,15294,129,1168,17,10966,118,2652,25,58,-10,607,9,513,406,521,57,201,58
2020-08-23,SIN,15364,70,1142,-26,11011,45,2666,14,39,-19,611,4,504,400,500,48,148,51
2020-08-24,SIN,15391,27,1134,-8,11050,39,2671,5,38,-1,614,3,428,368,424,25,109,37
2020-08-25,SIN,15567,176,1080,-54,11222,172,2694,23,43,5,617,3,501,330,513,22,158,46
2020-08-26,SIN,15656,89,1102,22,11337,115,2709,15,45,2,625,8,504,350,536,42,175,63
2020-08-27,SIN,15756,100,1141,39,11422,85,2724,15,47,2,628,3,508,385,559,52,180,63
2020-08-28,SIN,15855,99,1152,11,11476,54,2733,9,39,-8,634,6,506,410,514,54,198,41
2020-08-29,SIN,15995,140,1245,93,11581,105,2747,14,37,-2,641,7,512,500,523,61,265,48
2020-08-30,SIN,16023,28,1251,6,11603,22,2753,6,37,0,641,0,458,502,468,42,204,46
2020-08-31,SIN,16111,88,1090,-161,11725,122,2758,5,37,0,641,0,452,329,498,45,102,42
2020-09-01,SIN,16250,139,1028,-62,11878,153,2801,43,41,4,664,23,484,274,550,37,128,35
2020-09-02,SIN,16391,141,1049,21,11982,104,2831,30,40,-1,674,10,550,288,562,53,169,52
2020-09-03,SIN,16448,57,1218,169,12032,50,2840,9,42,2,676,2,476,452,486,50,270,54
2020-09-04,SIN,16594,146,1119,-99,12150,118,2855,15,37,-5,678,2,531,365,508,77,186,72
2020-09-05,SIN,16677,83,1202,83,12241,91,2868,13,40,3,683,5,522,440,533,75,259,66
2020-09-06,SIN,16718,41,1165,-37,12269,28,2872,4,38,-2,687,4,489,398,492,55,188,54
2020-09-07,SIN,16757,39,1154,-11,12290,21,2879,7,39,1,708,21,439,376,408,29,106,37
2020-09-08,SIN,16930,173,1077,-77,12459,169,2895,16,44,5,716,8,497,296,501,31,128,43
