Fecha,Estado,Positivos,Positivos_Delta,Sospechosos,Sospechosos_Delta,Negativos,Negativos_Delta,Defunciones_Positivos,Defunciones_Positivos_Delta,Defunciones_Sospechosos,Defunciones_Sospechosos_Delta,Defunciones_Negativos,Defunciones_Negativos_Delta,Positivos_Sintomas_14_Dias,Sospechosos_Sintomas_14_Dias,Negativos_Sintomas_14_Dias,Positivos_Sintomas_7_Dias,Sospechosos_Sintomas_7_Dias,Negativos_Sintomas_7_Dias
2020-02-27,CHP,0,0,,0,,0,0,0,0,0,0,0,0,0,0,0,0,0
2020-02-28,CHP,0,0,,0,,0,0,0,0,0,0,0,0,0,0,0,0,0
2020-02-29,CHP,0,0,,0,,0,0,0,0,0,0,0,0,0,0,0,0,0
2020-03-01,CHP,1,1,,0,,0,0,0,0,0,0,0,0,0,0,0,0,0
2020-03-02,CHP,1,0,,0,,0,0,0,0,0,0,0,0,0,0,0,0,0
2020-03-03,CHP,1,0,,0,,0,0,0,0,0,0,0,0,0,0,0,0,0
2020-03-04,CHP,1,0,,0,,0,0,0,0,0,0,0,0,0,0,0,0,0
2020-03-05,CHP,1,0,,0,,0,0,0,0,0,0,0,0,0,0,0,0,0
2020-03-06,CHP,1,0,,0,,0,0,0,0,0,0,0,0,0,0,0,0,0
2020-03-07,CHP,1,0,,0,,0,0,0,0,0,0,0,0,0,0,0,0,0
2020-03-08,CHP,1,0,,0,,0,0,0,0,0,0,0,0,0,0,0,0,0
2020-03-09,CHP,1,0,,0,,0,0,0,0,0,0,0,0,0,0,0,0,0
2020-03-10,CHP,1,0,,0,,0,0,0,0,0,0,0,0,0,0,0,0,0
2020-03-11,CHP,1,0,,0,,0,0,0,0,0,0,0,0,0,0,0,0,0
2020-03-12,CHP,1,0,,0,,0,0,0,0,0,0,0,0,0,0,0,0,0
2020-03-13,CHP,1,0,1,0,,0,0,0,0,0,0,0,0,0,0,0,0,0
2020-03-14,CHP,1,0,1,0,,0,0,0,0,0,0,0,0,0,0,0,0,0
2020-03-15,CHP,1,0,4,3,,0,0,0,0,0,0,0,0,0,0,0,0,0
2020-03-16,CHP,1,0,,0,,0,0,0,0,0,0,0,0,0,0,0,0,0
2020-03-17,CHP,1,0,2,0,,0,0,0,0,0,0,0,0,0,0,0,0,0
2020-03-18,CHP,1,0,,0,,0,0,0,0,0,0,0,0,0,0,0,0,0
2020-03-19,CHP,2,1,,0,,0,0,0,0,0,0,0,0,0,0,0,0,0
2020-03-20,CHP,2,0,1,0,,0,0,0,0,0,0,0,0,0,0,0,0,0
2020-03-21,CHP,2,0,2,1,,0,0,0,0,0,0,0,0,0,0,0,0,0
2020-03-22,CHP,2,0,6,4,,0,0,0,0,0,0,0,0,0,0,0,0,0
2020-03-23,CHP,2,0,1,-5,,0,0,0,0,0,0,0,0,0,0,0,0,0
2020-03-24,CHP,2,0,6,5,,0,0,0,0,0,0,0,0,0,0,0,0,0
2020-03-25,CHP,4,2,10,4,,0,0,0,0,0,0,0,0,0,0,0,0,0
2020-03-26,CHP,4,0,16,6,,0,0,0,0,0,0,0,0,0,0,0,0,0
2020-03-27,CHP,7,3,18,2,,0,0,0,0,0,0,0,0,0,0,0,0,0
2020-03-28,CHP,6,-1,36,18,,0,0,0,0,0,0,0,0,0,0,0,0,0
2020-03-29,CHP,10,4,31,-5,,0,0,0,0,0,0,0,0,0,0,0,0,0
2020-03-30,CHP,11,1,24,-7,,0,0,0,0,0,0,0,0,0,0,0,0,0
2020-03-31,CHP,13,2,31,7,,0,0,0,0,0,0,0,0,0,0,0,0,0
2020-04-01,CHP,14,1,36,5,,0,0,0,0,0,0,0,0,0,0,0,0,0
2020-04-02,CHP,15,1,45,9,,0,0,0,0,0,0,0,0,0,0,0,0,0
2020-04-03,CHP,18,3,46,1,,0,0,0,0,0,0,0,0,0,0,0,0,0
2020-04-04,CHP,19,1,67,21,104,0,0,0,0,0,0,0,0,0,0,0,0,0
2020-04-05,CHP,25,6,52,-15,128,24,0,0,0,0,0,0,0,0,0,0,0,0
2020-04-06,CHP,26,1,65,13,133,5,0,0,0,0,0,0,0,0,0,0,0,0
2020-04-07,CHP,28,2,80,15,146,13,0,0,0,0,0,0,0,0,0,0,0,0
2020-04-08,CHP,32,4,77,-3,169,23,0,0,0,0,0,0,0,0,0,0,0,0
2020-04-09,CHP,34,2,80,3,180,11,0,0,0,0,0,0,0,0,0,0,0,0
2020-04-10,CHP,38,4,69,-11,202,22,1,1,0,0,0,0,0,0,0,0,0,0
2020-04-11,CHP,39,1,63,-6,215,13,1,0,0,0,0,0,0,0,0,0,0,0
2020-04-12,CHP,43,4,50,-13,230,15,3,2,1,1,3,3,16,24,88,2,6,18
2020-04-13,CHP,43,0,54,4,234,4,3,0,1,0,3,0,15,25,72,1,10,10
2020-04-14,CHP,45,2,67,13,248,14,3,0,0,-1,4,1,15,40,66,2,25,10
2020-04-15,CHP,48,3,71,4,262,14,3,0,0,0,4,0,16,44,65,1,23,8
2020-04-16,CHP,54,6,56,-15,290,28,3,0,0,0,4,0,20,33,80,2,22,14
2020-04-17,CHP,58,4,60,4,277,-13,3,0,2,2,3,-1,21,38,74,5,25,18
2020-04-18,CHP,62,4,50,-10,292,15,3,0,2,0,3,0,21,29,83,2,20,19
2020-04-19,CHP,67,5,38,-12,306,14,3,0,2,0,4,1,25,21,92,4,12,23
2020-04-20,CHP,68,1,41,3,313,7,3,0,3,1,4,0,24,25,90,3,11,19
2020-04-21,CHP,75,7,33,-8,321,8,4,1,2,-1,4,0,25,28,89,5,17,13
2020-04-22,CHP,83,8,53,20,335,14,4,0,1,-1,4,0,29,48,85,6,28,15
2020-04-23,CHP,95,12,48,-5,349,14,5,1,1,0,4,0,40,44,88,5,23,18
2020-04-24,CHP,100,5,42,-6,370,21,6,1,1,0,4,0,43,36,99,5,23,22
2020-04-25,CHP,114,14,39,-3,398,28,6,0,1,0,5,1,53,34,114,11,16,33
2020-04-26,CHP,118,4,46,7,413,15,6,0,2,1,7,2,54,40,119,7,26,28
2020-04-27,CHP,128,10,56,10,430,17,6,0,1,-1,8,1,58,46,122,2,30,17
2020-04-28,CHP,137,9,76,20,450,20,6,0,1,0,8,0,62,69,127,8,44,22
2020-04-29,CHP,161,24,67,-9,472,22,7,1,1,0,10,2,78,60,130,13,37,27
2020-04-30,CHP,173,12,69,2,491,19,7,0,1,0,10,0,74,62,137,11,34,29
2020-05-01,CHP,187,14,68,-1,509,18,7,0,1,0,10,0,83,65,136,13,46,29
2020-05-02,CHP,210,23,46,-22,532,23,9,2,0,-1,11,1,98,45,144,19,28,35
2020-05-03,CHP,222,12,28,-18,553,21,9,0,0,0,11,0,102,26,148,16,14,43
2020-05-04,CHP,227,5,36,8,559,6,11,2,0,0,12,1,89,34,132,10,24,23
2020-05-05,CHP,237,10,106,70,557,-2,12,1,0,0,11,-1,95,102,117,8,84,9
2020-05-06,CHP,259,22,127,21,574,17,12,0,0,0,12,1,102,125,120,17,96,18
2020-05-07,CHP,284,25,137,10,595,21,12,0,0,0,12,0,112,136,118,18,89,24
2020-05-08,CHP,320,36,142,5,613,18,17,5,2,2,14,2,138,141,119,27,79,22
2020-05-09,CHP,355,35,103,-39,679,66,19,2,0,-2,16,2,153,103,171,29,66,51
2020-05-10,CHP,382,27,85,-18,703,24,19,0,0,0,16,0,167,85,183,32,41,45
2020-05-11,CHP,406,24,63,-22,727,24,20,1,2,2,16,0,176,63,178,31,25,39
2020-05-12,CHP,419,13,124,61,749,22,25,5,1,-1,17,1,170,122,178,14,74,23
2020-05-13,CHP,436,17,142,18,779,30,31,6,0,-1,17,0,167,137,198,16,88,22
2020-05-14,CHP,488,52,153,11,806,27,35,4,5,5,17,0,193,144,201,38,107,26
2020-05-15,CHP,520,32,213,60,818,12,39,4,6,1,17,0,200,200,181,39,137,20
2020-05-16,CHP,589,69,218,5,842,24,44,5,6,0,17,0,239,205,193,55,128,27
2020-05-17,CHP,637,48,209,-9,872,30,44,0,6,0,17,0,265,194,187,47,107,29
2020-05-18,CHP,669,32,211,2,889,17,44,0,5,-1,18,1,269,190,181,41,97,20
2020-05-19,CHP,714,45,251,40,921,32,45,1,5,0,18,0,280,222,181,29,131,32
2020-05-21,CHP,865,151,270,19,988,67,64,19,5,0,19,1,380,237,197,50,151,39
2020-05-22,CHP,942,77,295,25,1028,40,67,3,5,0,21,2,412,254,218,60,161,37
2020-05-23,CHP,1021,79,312,17,1060,32,68,1,6,1,21,0,432,265,229,60,161,48
2020-05-24,CHP,1133,112,221,-91,1108,48,69,1,5,-1,22,1,485,166,243,101,82,53
2020-05-25,CHP,1192,59,248,27,1128,20,72,3,6,1,24,2,486,186,239,62,110,45
2020-05-26,CHP,1254,62,353,105,1142,14,84,12,8,2,25,1,489,283,236,51,180,36
2020-05-27,CHP,1362,108,366,13,1175,33,101,17,5,-3,27,2,525,324,228,68,209,26
2020-05-28,CHP,1427,65,461,95,1201,26,114,13,8,3,28,1,532,411,224,66,256,24
2020-05-29,CHP,1523,96,523,62,1222,21,125,11,6,-2,29,1,551,467,208,67,298,23
2020-05-30,CHP,1666,143,468,-55,1260,38,131,6,8,2,29,0,611,403,220,73,232,30
2020-05-31,CHP,1821,155,356,-112,1299,39,135,4,6,-2,29,0,708,289,222,110,133,32
2020-06-01,CHP,1879,58,387,31,1327,28,136,1,11,5,29,0,650,318,219,72,146,25
2020-06-02,CHP,1957,78,509,122,1349,22,146,10,12,1,32,3,648,431,218,45,232,23
2020-06-03,CHP,1982,25,674,165,1350,1,162,16,21,9,32,0,579,591,177,22,308,13
2020-06-04,CHP,2096,114,637,-37,1394,44,170,8,21,0,34,2,608,540,193,36,263,18
2020-06-05,CHP,2219,123,609,-28,1413,19,176,6,30,9,35,1,637,493,185,44,225,18
2020-06-06,CHP,2422,203,467,-142,1485,72,192,16,25,-5,37,2,693,365,216,50,203,36
2020-06-07,CHP,2545,123,407,-60,1529,44,198,6,21,-4,38,1,719,299,225,62,146,44
2020-06-08,CHP,2544,-1,527,120,1530,1,208,10,31,10,38,0,594,402,192,26,150,18
2020-06-09,CHP,2710,166,492,-35,1581,51,221,13,36,5,40,2,642,357,217,31,190,20
2020-06-10,CHP,2798,88,548,56,1599,18,243,22,39,3,41,1,636,407,209,52,224,21
2020-06-11,CHP,2890,92,613,65,1621,22,254,11,42,3,41,0,615,456,198,57,258,23
2020-06-12,CHP,3031,141,566,-47,1650,29,264,10,39,-3,41,0,635,403,203,65,222,23
2020-06-13,CHP,3071,40,594,28,1668,18,289,25,41,2,45,4,574,418,192,31,195,19
2020-06-14,CHP,3165,94,563,-31,1687,19,291,2,43,2,47,2,573,375,179,27,161,17
2020-06-15,CHP,3227,62,586,23,1719,32,300,9,48,5,50,3,519,380,161,26,139,10
2020-06-16,CHP,3316,89,607,21,1750,31,307,7,53,5,52,2,519,391,167,28,193,10
2020-06-17,CHP,3358,42,659,52,1768,18,321,14,60,7,55,3,487,430,159,19,186,5
2020-06-18,CHP,3454,96,684,25,1797,29,329,8,55,-5,57,2,487,441,164,29,197,11
2020-06-19,CHP,3519,65,699,15,1809,12,357,28,61,6,59,2,440,438,145,28,168,4
2020-06-20,CHP,3570,51,697,-2,1817,8,364,7,64,3,60,1,384,413,116,20,144,5
2020-06-21,CHP,3676,106,682,-15,1829,12,374,10,66,2,61,1,376,371,102,15,123,4
2020-06-22,CHP,3746,70,762,80,1841,12,389,15,69,3,62,1,345,447,77,9,99,3
2020-06-23,CHP,3818,72,829,67,1864,23,401,12,67,-2,62,0,343,498,82,14,137,7
2020-06-24,CHP,3924,106,796,-33,1865,1,420,19,58,-9,65,3,366,451,96,28,149,19
2020-06-25,CHP,4034,110,763,-33,1895,30,435,15,60,2,65,0,390,421,107,40,149,21
2020-06-26,CHP,4110,76,778,15,1919,24,464,29,58,-2,66,1,381,419,107,37,161,22
2020-06-27,CHP,4154,44,822,44,1924,5,490,26,66,8,69,3,334,442,100,22,156,11
2020-06-28,CHP,4216,62,754,-68,1953,29,503,13,73,7,71,2,320,367,116,29,121,18
2020-06-29,CHP,4260,44,777,23,1962,9,519,16,77,4,71,0,279,348,106,32,96,14
2020-06-30,CHP,4365,105,727,-50,1982,20,543,24,80,3,70,-1,290,320,110,22,95,8
2020-07-01,CHP,4487,122,670,-57,2008,26,557,14,79,-1,72,2,359,252,119,21,98,3
2020-07-02,CHP,4519,32,724,54,2010,2,584,27,74,-5,73,1,336,297,103,24,118,9
2020-07-03,CHP,4545,26,764,40,2014,4,599,15,76,2,74,1,300,307,90,18,121,8
2020-07-04,CHP,4655,110,688,-76,2049,35,611,12,71,-5,75,1,298,261,90,22,110,14
2020-07-05,CHP,4737,82,634,-54,2072,23,628,17,70,-1,75,0,308,211,100,32,84,16
2020-07-06,CHP,4811,74,586,-48,2100,28,636,8,70,0,74,-1,305,159,106,25,63,16
2020-07-07,CHP,4870,59,582,-4,2116,16,659,23,67,-3,74,0,291,167,104,13,78,10
2020-07-08,CHP,4895,25,600,18,2120,4,685,26,65,-2,74,0,260,191,92,11,82,6
2020-07-09,CHP,4922,27,607,7,2139,19,697,12,68,3,74,0,245,190,100,14,69,16
2020-07-10,CHP,4954,32,597,-10,2154,15,704,7,70,2,75,1,225,162,108,15,60,13
2020-07-11,CHP,4985,31,605,8,2158,4,729,25,68,-2,76,1,219,159,94,19,58,12
2020-07-12,CHP,5019,34,579,-26,2174,16,742,13,67,-1,77,1,207,124,91,11,29,8
2020-07-13,CHP,5044,25,579,0,2186,12,762,20,73,6,79,2,179,123,88,12,31,8
2020-07-14,CHP,5071,27,575,-4,2204,18,780,18,69,-4,79,0,157,123,84,11,52,11
2020-07-15,CHP,5108,37,556,-19,2224,20,786,6,69,0,81,2,161,109,86,12,51,14
2020-07-16,CHP,5130,22,557,1,2235,11,792,6,68,-1,83,2,145,108,89,9,50,20
2020-07-17,CHP,5170,40,554,-3,2249,14,806,14,68,0,83,0,145,112,79,11,46,16
2020-07-18,CHP,5190,20,553,-1,2276,27,813,7,70,2,84,1,133,111,96,11,47,29
2020-07-19,CHP,5219,29,535,-18,2290,14,817,4,71,1,84,0,115,100,88,18,31,27
2020-07-20,CHP,5252,33,523,-12,2311,21,824,7,69,-2,84,0,131,97,91,13,30,22
2020-07-21,CHP,5275,23,540,17,2323,12,834,10,68,-1,86,2,123,133,91,12,55,14
2020-07-22,CHP,5304,29,526,-14,2351,28,842,8,67,-1,88,2,134,131,105,10,63,14
2020-07-23,CHP,5330,26,521,-5,2364,13,851,9,65,-2,90,2,126,128,112,9,55,17
2020-07-24,CHP,5368,38,452,-69,2427,63,859,8,57,-8,91,1,117,98,133,7,42,19
2020-07-25,CHP,5390,22,511,59,2447,20,867,8,56,-1,95,4,122,157,129,8,90,17
2020-07-26,CHP,5420,30,450,-61,2502,55,867,0,57,1,95,0,131,94,162,10,47,31
2020-07-27,CHP,5446,26,431,-19,2521,19,872,5,57,0,96,1,123,76,161,14,26,17
2020-07-28,CHP,5466,20,387,-44,2543,22,887,15,54,-3,97,1,124,76,162,9,33,18
2020-07-29,CHP,5481,15,231,-156,2549,6,890,3,6,-48,97,0,113,103,140,2,71,12
2020-07-30,CHP,5489,8,256,25,2568,19,893,3,7,1,97,0,97,136,141,4,79,17
2020-07-31,CHP,5513,24,269,13,2604,36,898,5,8,1,99,2,104,141,146,10,84,23
2020-08-01,CHP,5538,25,275,6,2650,46,912,14,9,1,99,0,113,147,175,15,90,42
2020-08-02,CHP,5560,22,246,-29,2694,44,919,7,6,-3,100,1,116,116,202,17,66,52
2020-08-03,CHP,5580,20,194,-52,2744,50,922,3,7,1,100,0,112,64,216,28,21,66
2020-08-04,CHP,5605,25,181,-13,2780,36,928,6,8,1,102,2,116,56,236,27,24,59
2020-08-05,CHP,5622,17,218,37,2796,16,933,5,7,-1,104,2,117,93,240,23,70,45
2020-08-06,CHP,5640,18,257,39,2829,33,938,5,11,4,106,2,122,127,245,26,86,55
2020-08-07,CHP,5678,38,250,-7,2892,63,942,4,9,-2,106,0,143,119,275,34,86,81
2020-08-08,CHP,5702,24,225,-25,2957,65,945,3,8,-1,108,2,151,95,303,26,62,93
2020-08-09,CHP,5713,11,182,-43,3000,43,946,1,8,0,109,1,143,50,320,18,21,78
2020-08-10,CHP,5722,9,168,-14,3014,14,953,7,8,0,109,0,145,32,300,8,15,45
2020-08-11,CHP,5717,-5,206,38,3024,10,959,6,8,0,112,3,131,80,288,2,41,33
2020-08-12,CHP,5738,21,225,19,3058,34,962,3,7,-1,112,0,133,101,286,1,69,34
2020-08-13,CHP,5759,21,191,-34,3127,69,966,4,8,1,113,1,132,67,325,12,27,62
2020-08-14,CHP,5771,12,221,30,3162,35,972,6,9,1,113,0,122,97,342,10,35,57
2020-08-15,CHP,5802,31,200,-21,3218,56,977,5,6,-3,113,0,123,78,351,13,28,51
2020-08-16,CHP,5809,7,185,-15,3252,34,977,0,7,1,113,0,111,63,329,6,28,36
2020-08-17,CHP,5820,11,172,-13,3276,24,978,1,7,0,113,0,103,49,314,4,22,19
2020-08-18,CHP,5825,5,183,11,3317,41,978,0,8,1,113,0,92,61,313,6,28,16
2020-08-19,CHP,5830,5,219,36,3343,26,980,2,8,0,113,0,80,98,281,5,38,22
2020-08-20,CHP,5844,14,215,-4,3382,39,980,0,10,2,114,1,76,89,263,10,35,19
2020-08-21,CHP,5854,10,227,12,3417,35,984,4,11,1,117,3,77,77,273,8,29,14
2020-08-22,CHP,5871,17,293,66,3448,31,988,4,10,-1,119,2,77,142,248,7,55,15
2020-08-23,CHP,5895,24,251,-42,3491,43,988,0,10,0,119,0,87,99,260,3,41,20
2020-08-24,CHP,5914,19,207,-44,3533,42,992,4,7,-3,119,0,94,78,251,1,34,23
2020-08-25,CHP,5928,14,183,-24,3588,55,994,2,6,-1,120,1,101,54,266,2,24,30
2020-08-26,CHP,5941,13,203,20,3619,31,997,3,6,0,122,2,103,76,258,8,28,26
2020-08-27,CHP,5951,10,197,-6,3667,48,998,1,6,0,124,2,98,70,266,7,26,30
2020-08-28,CHP,5962,11,212,15,3698,31,1000,2,6,0,124,0,90,83,259,3,32,27
2020-08-29,CHP,5969,7,204,-8,3746,48,1000,0,5,-1,126,2,65,92,254,2,26,26
2020-08-30,CHP,5974,5,195,-9,3776,30,1001,1,5,0,126,0,55,79,259,0,30,16
2020-08-31,CHP,5982,8,161,-34,3818,42,1001,0,6,1,126,0,51,50,264,2,17,18
2020-09-01,CHP,5983,1,184,23,3839,21,1002,1,5,-1,127,1,46,72,252,1,39,23
2020-09-02,CHP,5992,9,175,-9,3889,50,1004,2,6,1,127,0,47,61,253,4,25,25
2020-09-03,CHP,6001,9,176,1,3922,33,1005,1,5,-1,127,0,43,64,249,5,23,32
2020-09-04,CHP,6009,8,181,5,3953,31,1006,1,5,0,128,1,40,64,238,8,26,23
2020-09-05,CHP,6017,8,189,8,3981,28,1009,3,5,0,128,0,41,70,206,9,21,22
2020-09-06,CHP,6028,11,165,-24,4014,33,1009,0,5,0,128,0,48,44,212,6,10,21
