Fecha,Estado,Positivos,Positivos_Delta,Sospechosos,Sospechosos_Delta,Negativos,Negativos_Delta,Defunciones_Positivos,Defunciones_Positivos_Delta,Defunciones_Sospechosos,Defunciones_Sospechosos_Delta,Defunciones_Negativos,Defunciones_Negativos_Delta,Positivos_Sintomas_14_Dias,Sospechosos_Sintomas_14_Dias,Negativos_Sintomas_14_Dias,Positivos_Sintomas_7_Dias,Sospechosos_Sintomas_7_Dias,Negativos_Sintomas_7_Dias
2020-02-27,DUR,0,0,,0,,0,0,0,0,0,0,0,0,0,0,0,0,0
2020-02-28,DUR,0,0,,0,,0,0,0,0,0,0,0,0,0,0,0,0,0
2020-02-29,DUR,0,0,,0,,0,0,0,0,0,0,0,0,0,0,0,0,0
2020-03-01,DUR,0,0,,0,,0,0,0,0,0,0,0,0,0,0,0,0,0
2020-03-02,DUR,0,0,,0,,0,0,0,0,0,0,0,0,0,0,0,0,0
2020-03-03,DUR,0,0,,0,,0,0,0,0,0,0,0,0,0,0,0,0,0
2020-03-04,DUR,0,0,,0,,0,0,0,0,0,0,0,0,0,0,0,0,0
2020-03-05,DUR,0,0,,0,,0,0,0,0,0,0,0,0,0,0,0,0,0
2020-03-06,DUR,0,0,,0,,0,0,0,0,0,0,0,0,0,0,0,0,0
2020-03-07,DUR,0,0,,0,,0,0,0,0,0,0,0,0,0,0,0,0,0
2020-03-08,DUR,0,0,,0,,0,0,0,0,0,0,0,0,0,0,0,0,0
2020-03-09,DUR,0,0,,0,,0,0,0,0,0,0,0,0,0,0,0,0,0
2020-03-10,DUR,0,0,,0,,0,0,0,0,0,0,0,0,0,0,0,0,0
2020-03-11,DUR,0,0,,0,,0,0,0,0,0,0,0,0,0,0,0,0,0
2020-03-12,DUR,1,1,,0,,0,0,0,0,0,0,0,0,0,0,0,0,0
2020-03-13,DUR,1,0,1,0,,0,0,0,0,0,0,0,0,0,0,0,0,0
2020-03-14,DUR,1,0,3,2,,0,0,0,0,0,0,0,0,0,0,0,0,0
2020-03-15,DUR,1,0,7,4,,0,0,0,0,0,0,0,0,0,0,0,0,0
2020-03-16,DUR,3,2,,0,,0,0,0,0,0,0,0,0,0,0,0,0,0
2020-03-17,DUR,3,0,,0,,0,0,0,0,0,0,0,0,0,0,0,0,0
2020-03-18,DUR,3,0,3,0,,0,0,0,0,0,0,0,0,0,0,0,0,0
2020-03-19,DUR,3,0,4,1,,0,0,0,0,0,0,0,0,0,0,0,0,0
2020-03-20,DUR,4,1,8,4,,0,1,1,0,0,0,0,0,0,0,0,0,0
2020-03-21,DUR,5,1,1,-7,,0,1,0,0,0,0,0,0,0,0,0,0,0
2020-03-22,DUR,5,0,1,0,,0,1,0,0,0,0,0,0,0,0,0,0,0
2020-03-23,DUR,5,0,5,4,,0,1,0,0,0,0,0,0,0,0,0,0,0
2020-03-24,DUR,5,0,6,1,,0,1,0,0,0,0,0,0,0,0,0,0,0
2020-03-25,DUR,5,0,15,9,,0,1,0,0,0,0,0,0,0,0,0,0,0
2020-03-26,DUR,5,0,24,9,,0,1,0,0,0,0,0,0,0,0,0,0,0
2020-03-27,DUR,7,2,17,-7,,0,1,0,0,0,0,0,0,0,0,0,0,0
2020-03-28,DUR,7,0,35,18,,0,1,0,0,0,0,0,0,0,0,0,0,0
2020-03-29,DUR,7,0,32,-3,,0,1,0,0,0,0,0,0,0,0,0,0,0
2020-03-30,DUR,7,0,23,-9,,0,1,0,0,0,0,0,0,0,0,0,0,0
2020-03-31,DUR,7,0,18,-5,,0,1,0,0,0,0,0,0,0,0,0,0,0
2020-04-01,DUR,7,0,24,6,,0,1,0,0,0,0,0,0,0,0,0,0,0
2020-04-02,DUR,8,1,28,4,,0,1,0,0,0,0,0,0,0,0,0,0,0
2020-04-03,DUR,8,0,26,-2,,0,1,0,0,0,0,0,0,0,0,0,0,0
2020-04-04,DUR,10,2,51,25,90,0,2,1,0,0,0,0,0,0,0,0,0,0
2020-04-05,DUR,12,2,48,-3,99,9,3,1,0,0,0,0,0,0,0,0,0,0
2020-04-06,DUR,12,0,78,30,141,42,4,1,0,0,0,0,0,0,0,0,0,0
2020-04-07,DUR,15,3,84,6,156,15,4,0,0,0,0,0,0,0,0,0,0,0
2020-04-08,DUR,15,0,113,29,218,62,4,0,0,0,0,0,0,0,0,0,0,0
2020-04-09,DUR,16,1,116,3,220,2,4,0,0,0,0,0,0,0,0,0,0,0
2020-04-10,DUR,16,0,113,-3,225,5,4,0,0,0,0,0,0,0,0,0,0,0
2020-04-11,DUR,16,0,83,-30,256,31,4,0,0,0,0,0,0,0,0,0,0,0
2020-04-12,DUR,16,0,61,-22,279,23,4,0,0,0,1,1,2,36,106,0,8,10
2020-04-13,DUR,16,0,74,13,278,-1,4,0,0,0,1,0,1,47,86,0,13,6
2020-04-14,DUR,15,-1,89,15,279,1,3,-1,0,0,2,1,1,57,74,0,20,2
2020-04-15,DUR,16,1,97,8,284,5,4,1,0,0,1,-1,1,58,65,0,24,1
2020-04-16,DUR,17,1,89,-8,311,27,4,0,0,0,4,3,1,52,63,0,37,1
2020-04-17,DUR,19,2,99,10,285,-26,4,0,0,0,4,0,2,64,53,1,37,6
2020-04-18,DUR,19,0,98,-1,291,6,4,0,0,0,4,0,2,64,42,1,35,9
2020-04-19,DUR,21,2,93,-5,298,7,4,0,0,0,4,0,4,57,40,1,28,10
2020-04-20,DUR,22,1,65,-28,337,39,4,0,0,0,4,0,5,33,66,1,12,21
2020-04-21,DUR,30,8,20,-45,361,24,4,0,0,0,4,0,14,11,77,0,7,16
2020-04-22,DUR,33,3,29,9,420,59,5,1,0,0,4,0,16,20,71,2,11,13
2020-04-23,DUR,39,6,20,-9,445,25,5,0,0,0,4,0,21,12,86,3,8,17
2020-04-24,DUR,41,2,30,10,459,14,5,0,0,0,4,0,19,22,88,4,16,22
2020-04-25,DUR,43,2,23,-7,500,41,6,1,1,1,5,1,17,21,123,4,15,36
2020-04-26,DUR,45,2,13,-10,521,21,6,0,0,-1,6,1,18,12,134,5,10,39
2020-04-27,DUR,46,1,27,14,533,12,6,0,0,0,6,0,16,26,131,2,20,30
2020-04-28,DUR,57,11,40,13,541,8,6,0,0,0,6,0,21,39,121,10,30,23
2020-04-29,DUR,59,2,76,36,573,32,6,0,0,0,6,0,23,74,138,10,58,42
2020-04-30,DUR,67,8,61,-15,606,33,7,1,1,1,6,0,29,61,152,10,44,19
2020-05-01,DUR,69,2,44,-17,639,33,7,0,1,0,6,0,31,44,170,7,34,33
2020-05-02,DUR,71,2,65,21,654,15,7,0,1,0,6,0,31,64,173,5,47,40
2020-05-03,DUR,74,3,116,51,656,2,7,0,1,0,6,0,33,115,158,2,92,26
2020-05-04,DUR,79,5,115,-1,681,25,7,0,1,0,6,0,33,114,158,3,76,30
2020-05-05,DUR,79,0,136,21,688,7,8,1,0,-1,6,0,30,135,146,1,89,24
2020-05-06,DUR,90,11,97,-39,791,103,8,0,0,0,6,0,34,95,227,4,70,68
2020-05-07,DUR,95,5,91,-6,832,41,11,3,0,0,6,0,35,90,214,5,68,75
2020-05-08,DUR,105,10,87,-4,892,60,11,0,0,0,6,0,38,86,260,8,77,78
2020-05-09,DUR,107,2,88,1,928,36,11,0,0,0,6,0,36,88,283,6,77,61
2020-05-10,DUR,113,6,68,-20,955,27,12,1,0,0,6,0,33,66,277,10,53,59
2020-05-11,DUR,114,1,81,13,966,11,12,0,0,0,6,0,31,77,241,7,57,52
2020-05-12,DUR,122,8,66,-15,1000,34,13,1,0,0,6,0,33,64,257,8,41,53
2020-05-13,DUR,127,5,96,30,1017,17,14,1,0,0,10,4,37,92,252,8,67,50
2020-05-14,DUR,144,17,84,-12,1062,45,14,0,0,0,11,1,52,76,267,9,58,65
2020-05-15,DUR,150,6,112,28,1094,32,15,1,0,0,11,0,49,104,270,7,88,68
2020-05-16,DUR,155,5,125,13,1113,19,16,1,0,0,11,0,49,116,237,3,94,72
2020-05-17,DUR,157,2,113,-12,1139,26,16,0,1,1,11,0,46,103,233,3,55,64
2020-05-18,DUR,169,12,59,-54,1220,81,17,1,0,-1,11,0,52,48,283,9,31,60
2020-05-19,DUR,176,7,84,25,1237,17,18,1,1,1,15,4,51,71,262,6,51,44
2020-05-21,DUR,190,14,154,70,1294,57,23,5,2,1,18,3,44,134,272,4,112,49
2020-05-22,DUR,208,18,151,-3,1338,44,26,3,2,0,18,0,52,131,280,11,108,57
2020-05-23,DUR,214,6,161,10,1366,28,26,0,2,0,18,0,50,143,286,13,106,65
2020-05-24,DUR,230,16,124,-37,1403,37,26,0,1,-1,19,1,63,106,264,22,71,77
2020-05-25,DUR,241,11,127,3,1437,34,26,0,1,0,19,0,67,106,256,19,62,76
2020-05-26,DUR,243,2,186,59,1454,17,27,1,1,0,19,0,62,162,234,13,99,58
2020-05-27,DUR,272,29,220,34,1479,25,32,5,1,0,20,1,82,194,242,26,119,52
2020-05-28,DUR,297,25,216,-4,1554,75,33,1,2,1,21,1,100,188,287,35,126,91
2020-05-29,DUR,313,16,278,62,1590,36,34,1,2,0,22,1,105,246,284,31,189,99
2020-05-30,DUR,354,41,260,-18,1680,90,37,3,2,0,22,0,134,224,352,49,176,143
2020-05-31,DUR,373,19,195,-65,1763,83,37,0,2,0,22,0,146,158,414,52,101,173
2020-06-01,DUR,390,17,210,15,1805,42,37,0,2,0,22,0,150,163,422,50,108,148
2020-06-02,DUR,397,7,352,142,1817,12,42,5,2,0,22,0,143,293,399,44,186,104
2020-06-03,DUR,461,64,355,3,1902,85,44,2,2,0,22,0,188,291,436,66,194,115
2020-06-04,DUR,491,30,362,7,2053,151,47,3,2,0,22,0,205,320,545,69,182,167
2020-06-05,DUR,529,38,368,6,2191,138,49,2,2,0,22,0,226,324,656,71,214,178
2020-06-06,DUR,556,27,360,-8,2309,118,53,4,2,0,23,1,235,311,727,70,217,209
2020-06-07,DUR,619,63,246,-114,2418,109,53,0,2,0,23,0,274,192,785,93,136,253
2020-06-08,DUR,648,29,269,23,2460,42,53,0,2,0,23,0,282,211,744,68,137,194
2020-06-09,DUR,674,26,434,165,2515,55,54,1,2,0,25,2,284,373,698,72,259,186
2020-06-10,DUR,712,38,543,109,2609,94,56,2,2,0,26,1,293,474,659,71,346,187
2020-06-11,DUR,759,47,549,6,2765,156,59,3,2,0,26,0,303,468,749,74,351,248
2020-06-12,DUR,845,86,524,-25,2931,166,65,6,3,1,28,2,352,445,826,89,321,272
2020-06-13,DUR,912,67,464,-60,3077,146,73,8,2,-1,28,0,378,387,922,95,290,301
2020-06-14,DUR,965,53,365,-99,3237,160,73,0,2,0,28,0,396,283,1027,85,195,345
2020-06-15,DUR,975,10,495,130,3273,36,75,2,2,0,28,0,336,396,909,50,296,265
2020-06-16,DUR,992,17,732,237,3343,70,75,0,2,0,33,5,324,625,903,40,451,207
2020-06-17,DUR,1088,96,645,-87,3423,80,93,18,2,0,33,0,378,545,965,73,389,219
2020-06-18,DUR,1175,87,626,-19,3583,160,96,3,2,0,35,2,404,524,1028,85,312,279
2020-06-19,DUR,1242,67,681,55,3686,103,100,4,3,1,42,7,404,579,999,97,343,306
2020-06-20,DUR,1330,88,514,-167,3868,182,103,3,3,0,42,0,434,400,1096,121,205,366
2020-06-21,DUR,1373,43,355,-159,4036,168,106,3,3,0,42,0,426,235,1158,108,85,412
2020-06-22,DUR,1383,10,440,85,4071,35,106,0,3,0,42,0,379,305,1073,79,147,310
2020-06-23,DUR,1403,20,565,125,4123,52,114,8,3,0,42,0,349,428,978,66,248,250
2020-06-24,DUR,1443,40,683,118,4186,63,125,11,4,1,43,1,321,554,884,47,344,211
2020-06-25,DUR,1587,144,680,-3,4347,161,132,7,3,-1,44,1,406,512,921,107,388,200
2020-06-26,DUR,1675,88,703,23,4501,154,134,2,4,1,44,0,449,575,944,134,439,183
2020-06-27,DUR,1707,32,835,132,4562,61,136,2,4,0,47,3,428,700,892,124,495,157
2020-06-28,DUR,1751,44,911,76,4646,84,136,0,4,0,48,1,402,774,873,122,597,148
2020-06-29,DUR,1790,39,1001,90,4728,82,139,3,3,-1,50,2,391,851,808,93,647,151
2020-06-30,DUR,1891,101,979,-22,4833,105,142,3,4,1,50,0,447,833,786,88,648,144
2020-07-01,DUR,1956,65,1052,73,4909,76,147,5,4,0,50,0,448,896,780,83,638,119
2020-07-02,DUR,2032,76,1078,26,5012,103,149,2,5,1,51,1,480,908,763,112,570,143
2020-07-03,DUR,2111,79,1188,110,5086,74,156,7,3,-2,53,2,497,1002,711,124,564,148
2020-07-04,DUR,2212,101,1018,-170,5256,170,157,1,3,0,53,0,544,808,741,115,356,242
2020-07-05,DUR,2306,94,828,-190,5409,153,157,0,3,0,53,0,596,608,845,115,142,301
2020-07-06,DUR,2331,25,870,42,5493,84,157,0,3,0,53,0,533,641,833,86,171,276
2020-07-07,DUR,2358,27,1010,140,5528,35,162,5,4,1,55,2,471,758,784,64,278,218
2020-07-08,DUR,2392,34,1157,147,5597,69,166,4,4,0,57,2,435,844,736,45,334,168
2020-07-09,DUR,2481,89,1105,-52,5769,172,172,6,8,4,71,14,470,722,812,70,343,217
2020-07-10,DUR,2574,93,1147,42,5889,120,177,5,5,-3,71,0,484,685,841,115,389,235
2020-07-11,DUR,2638,64,999,-148,5975,86,180,3,4,-1,72,1,482,550,875,139,327,260
2020-07-12,DUR,2723,85,822,-177,6125,150,182,2,3,-1,71,-1,487,320,932,157,172,294
2020-07-13,DUR,2798,75,777,-45,6261,136,183,1,2,-1,71,0,485,318,918,108,192,253
2020-07-14,DUR,2826,28,978,201,6303,42,198,15,2,0,73,2,456,514,851,80,352,193
2020-07-15,DUR,2860,34,1047,69,6393,90,215,17,4,2,76,3,411,554,797,69,389,178
2020-07-16,DUR,2936,76,1007,-40,6525,132,215,0,4,0,76,0,448,509,853,82,351,189
2020-07-17,DUR,3024,88,1042,35,6679,154,221,6,3,-1,77,1,489,539,920,99,353,215
2020-07-18,DUR,3115,91,1011,-31,6830,151,224,3,2,-1,78,1,534,503,989,115,316,259
2020-07-19,DUR,3203,88,827,-184,6989,159,226,2,2,0,78,0,570,312,1038,133,182,267
2020-07-20,DUR,3243,40,700,-127,7118,129,226,0,2,0,78,0,519,172,1045,116,63,269
2020-07-21,DUR,3276,33,920,220,7148,30,240,14,3,1,80,2,482,370,960,95,223,193
2020-07-22,DUR,3322,46,1075,155,7223,75,251,11,3,0,81,1,478,516,916,62,364,159
2020-07-23,DUR,3473,151,1004,-71,7390,167,252,1,2,-1,88,7,560,436,970,140,318,182
2020-07-24,DUR,3528,55,1089,85,7509,119,256,4,2,0,93,5,525,506,937,143,360,212
2020-07-25,DUR,3634,106,979,-110,7730,221,260,4,2,0,96,3,573,390,1063,156,266,311
2020-07-26,DUR,3724,90,754,-225,7901,171,264,4,2,0,96,0,620,154,1116,167,82,357
2020-07-27,DUR,3745,21,760,6,7932,31,264,0,2,0,96,0,578,147,1024,102,84,221
2020-07-28,DUR,3784,39,953,193,7981,49,266,2,2,0,97,1,539,325,929,71,225,175
2020-07-29,DUR,3812,28,1031,78,8061,80,272,6,2,0,98,1,472,395,908,65,270,158
2020-07-30,DUR,3901,89,1097,66,8204,143,273,1,2,0,100,2,511,459,931,85,296,206
2020-07-31,DUR,3984,83,1141,44,8353,149,276,3,2,0,102,2,534,498,986,90,289,241
2020-08-01,DUR,4119,135,1094,-47,8574,221,282,6,3,1,106,4,581,466,1082,128,315,289
2020-08-02,DUR,4205,86,929,-165,8733,159,282,0,3,0,106,0,603,302,1141,128,161,304
2020-08-03,DUR,4286,81,801,-128,8846,113,282,0,3,0,106,0,549,199,1031,121,86,240
2020-08-04,DUR,4348,62,925,124,8952,106,291,9,3,0,107,1,518,331,1016,89,232,185
2020-08-05,DUR,4406,58,984,59,9045,93,301,10,4,1,110,3,520,406,980,81,303,174
2020-08-06,DUR,4525,119,919,-65,9229,184,314,13,5,1,119,9,582,331,1065,115,269,254
2020-08-07,DUR,4571,46,1023,104,9323,94,326,12,4,-1,128,9,552,429,1021,103,348,247
2020-08-08,DUR,4661,90,1004,-19,9451,128,334,8,4,0,129,1,571,409,1031,108,317,244
2020-08-09,DUR,4769,108,756,-248,9638,187,334,0,5,1,129,0,606,161,1081,132,87,298
2020-08-10,DUR,4801,32,718,-38,9700,62,341,7,5,0,130,1,562,124,986,84,58,210
2020-08-11,DUR,4864,63,846,128,9796,96,345,4,5,0,130,0,548,244,945,89,172,200
2020-08-12,DUR,4912,48,1015,169,9840,44,361,16,4,-1,132,2,538,414,890,73,324,149
2020-08-13,DUR,4993,81,1042,27,10021,181,362,1,4,0,132,0,540,437,989,97,359,216
2020-08-14,DUR,5085,92,1081,39,10095,74,366,4,4,0,133,1,565,477,956,137,375,209
2020-08-15,DUR,5202,117,1026,-55,10281,186,368,2,4,0,134,1,600,415,1002,169,318,267
2020-08-16,DUR,5254,52,888,-138,10401,120,368,0,4,0,134,0,576,273,996,151,188,270
2020-08-17,DUR,5322,68,785,-103,10488,87,368,0,4,0,134,0,557,158,947,115,104,201
2020-08-18,DUR,5366,44,968,183,10573,85,368,0,4,0,135,1,539,336,927,82,262,170
2020-08-19,DUR,5405,39,1093,125,10648,75,383,15,5,1,141,6,510,462,895,58,351,155
2020-08-20,DUR,5546,141,974,-119,10878,230,388,5,5,0,141,0,605,343,1030,112,260,274
2020-08-21,DUR,5613,67,1075,101,10938,60,391,3,5,0,146,5,603,440,991,109,313,254
2020-08-22,DUR,5688,75,1162,87,11031,93,391,0,6,1,146,0,597,522,963,118,342,264
2020-08-23,DUR,5798,110,916,-246,11237,206,391,0,6,0,146,0,636,274,1053,156,146,276
2020-08-24,DUR,5847,49,885,-31,11290,53,391,0,5,-1,147,1,583,229,942,120,116,205
2020-08-25,DUR,5906,59,1081,196,11384,94,396,5,5,0,147,0,556,406,921,104,237,185
2020-08-26,DUR,5960,54,1264,183,11472,88,403,7,6,1,149,2,534,591,899,75,396,150
2020-08-27,DUR,6097,137,1188,-76,11633,161,407,4,6,0,149,0,630,516,1015,115,326,230
2020-08-28,DUR,6140,43,1295,107,11673,40,416,9,4,-2,149,0,598,652,1004,103,425,232
2020-08-29,DUR,6205,65,1335,40,11762,89,434,18,4,0,153,4,593,660,1014,99,448,247
2020-08-30,DUR,6313,108,1083,-252,11948,186,435,1,3,-1,153,0,639,407,1038,109,261,252
2020-08-31,DUR,6327,14,1090,7,11972,24,440,5,3,0,154,1,564,403,928,72,223,194
2020-09-01,DUR,6520,193,970,-120,12209,237,449,9,3,0,155,1,649,283,1018,137,184,241
2020-09-02,DUR,6537,17,1199,229,12240,31,459,10,3,0,156,1,591,500,963,68,334,171
2020-09-03,DUR,6656,119,1258,59,12386,146,462,3,4,1,158,2,587,543,977,113,380,228
2020-09-04,DUR,6754,98,1362,104,12469,83,474,12,4,0,161,3,613,645,959,115,469,198
2020-09-05,DUR,6893,139,1318,-44,12653,184,484,10,7,3,167,6,686,589,1040,154,447,239
2020-09-06,DUR,7052,159,1082,-236,12784,131,484,0,7,0,167,0,763,346,1025,185,240,265
2020-09-07,DUR,7109,57,976,-106,12874,90,484,0,7,0,167,0,744,232,1010,122,155,216
2020-09-08,DUR,7210,101,1029,53,13035,161,491,7,5,-2,169,2,748,280,1003,116,195,229
2020-09-09,DUR,7242,32,1301,272,13072,37,507,16,5,0,171,2,662,540,923,77,408,152
2020-09-10,DUR,7315,73,1368,67,13220,148,514,7,5,0,171,0,642,656,945,88,471,186
2020-09-11,DUR,7449,134,1336,-32,13395,175,521,7,5,0,171,0,690,614,1015,95,439,241
2020-09-12,DUR,7584,135,1263,-73,13625,230,528,7,5,0,171,0,740,536,1123,127,422,275
2020-09-13,DUR,7678,94,1105,-158,13751,126,528,0,5,0,171,0,724,348,1144,118,260,267
2020-09-14,DUR,7775,97,925,-180,13885,134,528,0,5,0,171,0,692,164,1139,135,106,286
2020-09-15,DUR,7790,15,1125,200,13926,41,529,1,5,0,172,1,588,348,1026,78,238,194
2020-09-16,DUR,7843,53,1185,60,14013,87,530,1,5,0,172,0,562,401,972,65,304,145
2020-09-17,DUR,7975,132,887,-298,14210,197,530,0,5,0,172,0,634,102,1080,122,44,227
2020-09-18,DUR,7999,24,1084,197,14245,35,550,20,5,0,175,3,559,288,989,79,193,181
2020-09-19,DUR,8057,58,1214,130,14314,69,559,9,5,0,176,1,539,412,918,82,289,177
