Fecha,Estado,Positivos,Positivos_Delta,Sospechosos,Sospechosos_Delta,Negativos,Negativos_Delta,Defunciones_Positivos,Defunciones_Positivos_Delta,Defunciones_Sospechosos,Defunciones_Sospechosos_Delta,Defunciones_Negativos,Defunciones_Negativos_Delta,Positivos_Sintomas_14_Dias,Sospechosos_Sintomas_14_Dias,Negativos_Sintomas_14_Dias,Positivos_Sintomas_7_Dias,Sospechosos_Sintomas_7_Dias,Negativos_Sintomas_7_Dias
2020-02-27,GUA,0,0,,0,,0,0,0,0,0,0,0,0,0,0,0,0,0
2020-02-28,GUA,0,0,,0,,0,0,0,0,0,0,0,0,0,0,0,0,0
2020-02-29,GUA,0,0,,0,,0,0,0,0,0,0,0,0,0,0,0,0,0
2020-03-01,GUA,0,0,,0,,0,0,0,0,0,0,0,0,0,0,0,0,0
2020-03-02,GUA,0,0,,0,,0,0,0,0,0,0,0,0,0,0,0,0,0
2020-03-03,GUA,0,0,,0,,0,0,0,0,0,0,0,0,0,0,0,0,0
2020-03-04,GUA,0,0,,0,,0,0,0,0,0,0,0,0,0,0,0,0,0
2020-03-05,GUA,0,0,,0,,0,0,0,0,0,0,0,0,0,0,0,0,0
2020-03-06,GUA,0,0,,0,,0,0,0,0,0,0,0,0,0,0,0,0,0
2020-03-07,GUA,0,0,,0,,0,0,0,0,0,0,0,0,0,0,0,0,0
2020-03-08,GUA,0,0,1,0,,0,0,0,0,0,0,0,0,0,0,0,0,0
2020-03-09,GUA,0,0,,0,,0,0,0,0,0,0,0,0,0,0,0,0,0
2020-03-10,GUA,0,0,,0,,0,0,0,0,0,0,0,0,0,0,0,0,0
2020-03-11,GUA,0,0,,0,,0,0,0,0,0,0,0,0,0,0,0,0,0
2020-03-12,GUA,0,0,,0,,0,0,0,0,0,0,0,0,0,0,0,0,0
2020-03-13,GUA,0,0,11,0,,0,0,0,0,0,0,0,0,0,0,0,0,0
2020-03-14,GUA,0,0,11,0,,0,0,0,0,0,0,0,0,0,0,0,0,0
2020-03-15,GUA,0,0,13,2,,0,0,0,0,0,0,0,0,0,0,0,0,0
2020-03-16,GUA,0,0,10,-3,,0,0,0,0,0,0,0,0,0,0,0,0,0
2020-03-17,GUA,1,1,12,2,,0,0,0,0,0,0,0,0,0,0,0,0,0
2020-03-18,GUA,4,3,6,-6,,0,0,0,0,0,0,0,0,0,0,0,0,0
2020-03-19,GUA,4,0,15,9,,0,0,0,0,0,0,0,0,0,0,0,0,0
2020-03-20,GUA,4,0,31,16,,0,0,0,0,0,0,0,0,0,0,0,0,0
2020-03-21,GUA,4,0,34,3,,0,0,0,0,0,0,0,0,0,0,0,0,0
2020-03-22,GUA,4,0,88,54,,0,0,0,0,0,0,0,0,0,0,0,0,0
2020-03-23,GUA,7,3,75,-13,,0,0,0,0,0,0,0,0,0,0,0,0,0
2020-03-24,GUA,12,5,84,9,,0,0,0,0,0,0,0,0,0,0,0,0,0
2020-03-25,GUA,19,7,93,9,,0,0,0,0,0,0,0,0,0,0,0,0,0
2020-03-26,GUA,23,4,107,14,,0,0,0,0,0,0,0,0,0,0,0,0,0
2020-03-27,GUA,31,8,126,19,,0,0,0,0,0,0,0,0,0,0,0,0,0
2020-03-28,GUA,37,6,132,6,,0,0,0,0,0,0,0,0,0,0,0,0,0
2020-03-29,GUA,37,0,127,-5,,0,0,0,0,0,0,0,0,0,0,0,0,0
2020-03-30,GUA,43,6,79,-48,,0,0,0,0,0,0,0,0,0,0,0,0,0
2020-03-31,GUA,46,3,130,51,,0,0,0,0,0,0,0,0,0,0,0,0,0
2020-04-01,GUA,49,3,173,43,,0,0,0,0,0,0,0,0,0,0,0,0,0
2020-04-02,GUA,50,1,200,27,,0,0,0,0,0,0,0,0,0,0,0,0,0
2020-04-03,GUA,52,2,237,37,,0,0,0,0,0,0,0,0,0,0,0,0,0
2020-04-04,GUA,53,1,214,-23,852,0,0,0,0,0,0,0,0,0,0,0,0,0
2020-04-05,GUA,53,0,162,-52,924,72,0,0,0,0,0,0,0,0,0,0,0,0
2020-04-06,GUA,58,5,164,2,1025,101,0,0,0,0,0,0,0,0,0,0,0,0
2020-04-07,GUA,61,3,242,78,1051,26,1,1,0,0,0,0,0,0,0,0,0,0
2020-04-08,GUA,67,6,286,44,1136,85,1,0,0,0,0,0,0,0,0,0,0,0
2020-04-09,GUA,71,4,290,4,1213,77,1,0,0,0,0,0,0,0,0,0,0,0
2020-04-10,GUA,78,7,254,-36,1308,95,1,0,0,0,0,0,0,0,0,0,0,0
2020-04-11,GUA,81,3,233,-21,1379,71,5,4,0,0,0,0,0,0,0,0,0,0
2020-04-12,GUA,82,1,174,-59,1455,76,5,0,1,1,17,17,24,120,516,2,75,126
2020-04-13,GUA,88,6,158,-16,1504,49,5,0,0,-1,18,1,29,102,470,5,68,111
2020-04-14,GUA,90,2,172,14,1559,55,5,0,1,1,20,2,30,117,452,4,89,94
2020-04-15,GUA,91,1,186,14,1630,71,5,0,1,0,20,0,25,128,476,3,99,123
2020-04-16,GUA,96,5,277,91,1656,26,6,1,1,0,22,2,23,215,446,4,174,110
2020-04-17,GUA,113,17,224,-53,1725,69,7,1,5,4,25,3,35,203,539,14,169,172
2020-04-18,GUA,116,3,343,119,1753,28,9,2,5,0,25,0,35,321,525,12,283,157
2020-04-19,GUA,133,17,190,-153,1922,169,9,0,2,-3,28,3,47,167,638,25,130,242
2020-04-20,GUA,150,17,180,-10,1990,68,9,0,2,0,28,0,62,162,641,33,127,200
2020-04-21,GUA,158,8,228,48,2090,100,9,0,3,1,28,0,69,222,674,22,175,200
2020-04-22,GUA,173,15,339,111,2217,127,9,0,5,2,37,9,80,337,715,19,299,164
2020-04-23,GUA,182,9,340,1,2409,192,14,5,3,-2,39,2,84,336,861,13,302,246
2020-04-24,GUA,192,10,503,163,2484,75,17,3,3,0,45,6,88,497,865,15,452,237
2020-04-25,GUA,198,6,573,70,2589,105,19,2,2,-1,47,2,89,568,919,8,503,251
2020-04-26,GUA,206,8,467,-106,2760,171,20,1,1,-1,48,1,90,463,1006,7,377,265
2020-04-27,GUA,215,9,466,-1,2873,113,21,1,3,2,48,0,89,458,1007,8,312,189
2020-04-28,GUA,219,4,538,72,3057,184,21,0,3,0,49,1,70,531,1078,4,398,155
2020-04-29,GUA,238,19,679,141,3272,215,22,1,0,-3,54,5,74,671,1174,6,572,150
2020-04-30,GUA,262,24,812,133,3488,216,24,2,1,1,54,0,85,804,1279,18,709,208
2020-05-01,GUA,283,21,859,47,3800,312,26,2,1,0,54,0,99,857,1479,17,757,369
2020-05-02,GUA,290,7,716,-143,4071,271,27,1,1,0,54,0,91,712,1644,16,575,435
2020-05-03,GUA,308,18,550,-166,4276,205,31,4,2,1,54,0,96,544,1668,10,385,317
2020-05-04,GUA,314,6,542,-8,4409,133,33,2,3,1,56,2,88,534,1552,4,363,121
2020-05-05,GUA,328,14,617,75,4606,197,38,5,1,-2,58,2,91,604,1579,6,458,97
2020-05-06,GUA,342,14,697,80,4789,183,40,2,1,0,58,0,92,683,1562,8,592,103
2020-05-07,GUA,390,48,630,-67,5045,256,42,2,2,1,58,0,131,620,1684,38,533,227
2020-05-08,GUA,415,25,604,-26,5354,309,46,4,1,-1,59,1,132,596,1838,33,503,331
2020-05-09,GUA,445,30,724,120,5529,175,46,0,0,-1,60,1,146,717,1774,23,624,309
2020-05-10,GUA,473,28,534,-190,5763,234,46,0,1,1,60,0,154,529,1667,26,416,329
2020-05-11,GUA,504,31,510,-24,5903,140,46,0,2,1,60,0,168,505,1470,29,403,270
2020-05-12,GUA,547,43,565,55,6153,250,55,9,2,0,60,0,201,560,1527,39,459,241
2020-05-13,GUA,586,39,598,33,6410,257,57,2,1,-1,61,1,232,597,1657,49,518,279
2020-05-14,GUA,625,39,640,42,6670,260,61,4,4,3,62,1,251,639,1783,48,565,397
2020-05-15,GUA,665,40,812,172,6846,176,63,2,4,0,62,0,259,806,1755,51,710,392
2020-05-16,GUA,692,27,849,37,7078,232,69,6,5,1,64,2,248,842,1783,40,705,385
2020-05-17,GUA,739,47,665,-184,7311,233,69,0,6,1,64,0,267,655,1792,54,480,363
2020-05-18,GUA,765,26,672,7,7413,102,73,4,6,0,65,1,261,660,1704,43,420,237
2020-05-19,GUA,804,39,762,90,7700,287,78,5,6,0,68,3,268,743,1710,27,600,183
2020-05-21,GUA,906,102,825,63,8268,568,84,6,5,-1,73,5,300,793,1957,65,647,392
2020-05-22,GUA,956,50,899,74,8478,210,85,1,5,0,76,3,310,865,1962,61,705,299
2020-05-23,GUA,1035,79,701,-198,8872,394,85,0,4,-1,77,1,349,669,2074,86,509,454
2020-05-24,GUA,1064,29,592,-109,9081,209,88,3,4,0,79,2,351,555,1974,60,384,412
2020-05-25,GUA,1138,74,457,-135,9318,237,91,3,3,-1,79,0,379,415,1920,67,267,381
2020-05-26,GUA,1196,58,666,209,9441,123,96,5,3,0,85,6,387,617,1792,58,512,302
2020-05-27,GUA,1248,52,821,155,9630,189,101,5,3,0,88,3,407,759,1791,63,610,316
2020-05-28,GUA,1330,82,869,48,9886,256,101,0,4,1,89,1,459,793,1908,117,652,434
2020-05-29,GUA,1396,66,1022,153,10081,195,105,4,4,0,92,3,459,933,1809,121,781,427
2020-05-30,GUA,1479,83,1009,-13,10319,238,107,2,4,0,93,1,490,912,1821,100,760,362
2020-05-31,GUA,1650,171,719,-290,10558,239,107,0,4,0,93,0,597,610,1814,163,463,375
2020-06-01,GUA,1697,47,774,55,10688,130,112,5,6,2,93,0,580,653,1692,99,447,261
2020-06-02,GUA,1900,203,799,25,10860,172,116,4,7,1,94,1,720,672,1689,164,505,259
2020-06-03,GUA,2037,137,901,102,11037,177,122,6,9,2,94,0,797,751,1674,174,613,271
2020-06-04,GUA,2161,124,1070,169,11213,176,125,3,9,0,96,2,890,926,1705,208,733,307
2020-06-05,GUA,2309,148,1280,210,11443,230,134,9,8,-1,102,6,946,1139,1736,198,924,358
2020-06-06,GUA,2422,113,1397,117,11637,194,136,2,9,1,106,4,958,1248,1622,171,1000,346
2020-06-07,GUA,2532,110,1304,-93,11804,167,138,2,10,1,106,0,957,1148,1562,128,898,309
2020-06-08,GUA,2587,55,1424,120,11899,95,141,3,11,1,106,0,868,1245,1388,64,879,124
2020-06-09,GUA,2752,165,1540,116,12136,237,145,4,15,4,106,0,929,1354,1480,74,1006,154
2020-06-10,GUA,2970,218,1604,64,12370,234,159,14,18,3,106,0,1006,1424,1552,90,1088,155
2020-06-11,GUA,3091,121,1717,113,12617,247,171,12,15,-3,106,0,1016,1521,1639,89,1137,227
2020-06-12,GUA,3260,169,1828,111,12831,214,178,7,19,4,108,2,1030,1618,1671,121,1141,218
2020-06-13,GUA,3410,150,1848,20,13083,252,184,6,18,-1,113,5,1014,1629,1708,90,1107,201
2020-06-14,GUA,3513,103,1787,-61,13190,107,189,5,17,-1,116,3,964,1547,1611,56,1013,102
2020-06-15,GUA,3583,70,1769,-18,13424,234,196,7,15,-2,118,2,845,1491,1512,46,879,113
2020-06-16,GUA,3923,340,1711,-58,13801,377,204,8,19,4,122,4,1040,1408,1692,144,906,223
2020-06-17,GUA,4108,185,1914,203,14032,231,215,11,20,1,123,1,1061,1612,1674,138,1083,223
2020-06-18,GUA,4371,263,2053,139,14216,184,221,6,21,1,124,1,1175,1746,1671,225,1212,268
2020-06-19,GUA,4611,240,2262,209,14427,211,232,11,23,2,127,3,1231,1938,1619,233,1350,302
2020-06-20,GUA,4844,233,2354,92,14633,206,247,15,27,4,129,2,1251,2039,1532,228,1396,291
2020-06-21,GUA,4978,134,2388,34,14697,64,250,3,28,1,129,0,1242,2063,1380,119,1258,121
2020-06-22,GUA,5058,80,2521,133,14771,74,257,7,32,4,130,1,1132,2169,1228,55,1046,73
2020-06-23,GUA,5495,437,2321,-200,15259,488,280,23,21,-11,135,5,1366,1976,1483,54,1227,117
2020-06-24,GUA,5749,254,2500,179,15503,244,282,2,19,-2,139,4,1398,2137,1508,61,1423,177
2020-06-25,GUA,6176,427,2404,-96,15796,293,301,19,22,3,141,2,1647,2054,1648,203,1420,220
2020-06-26,GUA,6450,274,2445,41,16090,294,327,26,20,-2,152,11,1668,2079,1734,205,1399,284
2020-06-27,GUA,6658,208,2878,433,16183,93,334,7,22,2,152,0,1642,2483,1600,99,1579,133
2020-06-28,GUA,6833,175,2824,-54,16335,152,342,8,24,2,152,0,1488,2406,1441,69,1395,100
2020-06-29,GUA,7039,206,2806,-18,16602,267,348,6,23,-1,153,1,1355,2358,1417,62,1293,119
2020-06-30,GUA,7375,336,3183,377,16797,195,357,9,26,3,156,3,1408,2792,1384,86,1685,106
2020-07-01,GUA,7785,410,3076,-107,17345,548,370,13,20,-6,159,3,1579,2723,1755,119,1793,266
2020-07-02,GUA,8102,317,2970,-106,17891,546,390,20,19,-1,163,4,1656,2659,2109,164,1782,482
2020-07-03,GUA,8506,404,2785,-185,18584,693,399,9,24,5,166,3,1743,2472,2577,247,1675,773
2020-07-04,GUA,8953,447,2501,-284,19113,529,413,14,24,0,170,4,1762,2152,2715,365,1425,956
2020-07-05,GUA,9311,358,2013,-488,19509,396,419,6,20,-4,171,1,1838,1653,2878,366,974,959
2020-07-06,GUA,9636,325,1946,-67,19801,292,435,16,29,9,174,3,1875,1545,2899,335,894,745
2020-07-07,GUA,9933,297,2551,605,20043,242,451,16,24,-5,175,1,1881,2156,2888,298,1491,589
2020-07-08,GUA,10336,403,2800,249,20538,495,473,22,20,-4,187,12,1977,2389,3054,281,1550,579
2020-07-09,GUA,10748,412,3021,221,21062,524,506,33,23,3,194,7,2093,2555,3302,347,1717,778
2020-07-10,GUA,11276,528,2739,-282,21609,547,533,27,29,6,195,1,2307,2282,3496,458,1509,931
2020-07-11,GUA,11840,564,2307,-432,22097,488,553,20,22,-7,197,2,2570,1843,3655,530,1192,960
2020-07-12,GUA,12317,477,1782,-525,22470,373,582,29,22,0,198,1,2665,1296,3633,497,791,841
2020-07-13,GUA,12576,259,1888,106,22719,249,621,39,26,4,208,10,2530,1386,3390,362,856,614
2020-07-14,GUA,12978,402,2155,267,22993,274,649,28,25,-1,211,3,2546,1673,3281,303,1265,410
2020-07-15,GUA,13363,385,2218,63,23324,331,668,19,17,-8,213,2,2465,1703,3082,359,1304,483
2020-07-16,GUA,13560,197,2602,384,23523,199,683,15,18,1,213,0,2370,2089,2992,315,1544,446
2020-07-17,GUA,14049,489,2771,169,23835,312,705,22,18,0,217,4,2539,2244,2960,368,1581,431
2020-07-18,GUA,14454,405,2700,-71,24271,436,713,8,17,-1,220,3,2589,2167,3008,398,1580,532
2020-07-19,GUA,14776,322,2395,-305,24620,349,716,3,21,4,222,2,2524,1844,2887,387,1176,546
2020-07-20,GUA,15222,446,1748,-647,25129,509,725,9,19,-2,223,1,2535,1192,2919,302,719,547
2020-07-21,GUA,15585,363,2069,321,25546,417,761,36,27,8,230,7,2562,1477,2890,322,1051,594
2020-07-22,GUA,15878,293,2580,511,25929,383,786,25,25,-2,234,4,2548,1916,2999,282,1398,554
2020-07-23,GUA,16269,391,3179,599,26229,300,814,28,27,2,239,5,2523,2316,2983,298,1731,530
2020-07-24,GUA,16899,630,3097,-82,26830,601,835,21,32,5,242,3,2554,2263,3181,469,1606,760
2020-07-25,GUA,17539,640,3094,-3,27367,537,851,16,26,-6,250,8,2660,2328,3374,429,1542,766
2020-07-26,GUA,18052,513,2518,-576,27813,446,857,6,30,4,253,3,2670,1747,3450,372,1006,682
2020-07-27,GUA,18452,400,2223,-295,28119,306,863,6,29,-1,254,1,2522,1455,3308,247,657,486
2020-07-28,GUA,19098,646,2361,138,28497,378,915,52,33,4,263,9,2778,1643,3359,275,1017,431
2020-07-29,GUA,19637,539,2513,152,28831,334,923,8,33,0,265,2,2817,1834,3228,353,1086,503
2020-07-30,GUA,20145,508,2584,71,29216,385,948,25,30,-3,267,2,2908,1906,3263,403,1214,589
2020-07-31,GUA,20766,621,2379,-205,29905,689,971,23,31,1,272,5,3076,1664,3534,535,1152,841
2020-08-01,GUA,21368,602,2284,-95,30452,547,999,28,30,-1,281,9,3156,1582,3555,491,1084,788
2020-08-02,GUA,21713,345,2038,-246,30789,337,1003,4,28,-2,281,0,3005,1357,3298,425,897,687
2020-08-03,GUA,21999,286,1830,-208,31049,260,1009,6,31,3,281,0,2704,1089,2990,353,618,547
2020-08-04,GUA,22255,256,2461,631,31247,198,1070,61,37,6,287,6,2575,1772,2831,214,1186,375
2020-08-05,GUA,22554,299,2866,405,31452,205,1111,41,30,-7,297,10,2484,2163,2713,98,1536,180
2020-08-06,GUA,22847,293,3291,425,31603,151,1141,30,31,1,302,5,2410,2613,2586,106,1875,123
2020-08-07,GUA,23516,669,2485,-806,32477,874,1168,27,31,0,303,1,2673,1843,3130,321,1391,565
2020-08-08,GUA,23901,385,2334,-151,33124,647,1189,21,34,3,308,5,2387,1690,3217,286,1251,664
2020-08-09,GUA,24224,323,1893,-441,33577,453,1199,10,33,-1,309,1,2339,1239,3296,276,818,772
2020-08-10,GUA,24548,324,1404,-489,33985,408,1252,53,25,-8,321,12,2289,765,3267,258,460,700
2020-08-11,GUA,24958,410,1654,250,34354,369,1310,58,23,-2,331,10,2312,1007,3230,279,692,712
2020-08-12,GUA,25228,270,2001,347,34617,263,1328,18,25,2,334,3,2230,1355,3085,230,963,646
2020-08-13,GUA,25504,276,2206,205,34947,330,1335,7,30,5,336,2,2217,1562,3130,248,1128,709
2020-08-14,GUA,25962,458,2128,-78,35342,395,1349,14,35,5,338,2,2258,1497,3231,368,1058,699
2020-08-15,GUA,26294,332,2256,128,35680,338,1358,9,29,-6,339,1,2082,1622,3067,361,1138,685
2020-08-16,GUA,26605,311,1997,-259,35906,226,1365,7,32,3,340,1,2108,1346,2950,367,807,589
2020-08-17,GUA,26931,326,1666,-331,36173,267,1375,10,34,2,345,5,2073,999,2747,260,484,356
