Fecha,Estado,Positivos,Positivos_Delta,Sospechosos,Sospechosos_Delta,Negativos,Negativos_Delta,Defunciones_Positivos,Defunciones_Positivos_Delta,Defunciones_Sospechosos,Defunciones_Sospechosos_Delta,Defunciones_Negativos,Defunciones_Negativos_Delta,Positivos_Sintomas_14_Dias,Sospechosos_Sintomas_14_Dias,Negativos_Sintomas_14_Dias,Positivos_Sintomas_7_Dias,Sospechosos_Sintomas_7_Dias,Negativos_Sintomas_7_Dias
2020-02-27,CMX,1,0,,0,,0,0,0,0,0,0,0,0,0,0,0,0,0
2020-02-28,CMX,2,1,,0,,0,0,0,0,0,0,0,0,0,0,0,0,0
2020-02-29,CMX,2,0,,0,,0,0,0,0,0,0,0,0,0,0,0,0,0
2020-03-01,CMX,2,0,,0,,0,0,0,0,0,0,0,0,0,0,0,0,0
2020-03-02,CMX,2,0,,0,,0,0,0,0,0,0,0,0,0,0,0,0,0
2020-03-03,CMX,2,0,,0,,0,0,0,0,0,0,0,0,0,0,0,0,0
2020-03-04,CMX,2,0,,0,,0,0,0,0,0,0,0,0,0,0,0,0,0
2020-03-05,CMX,2,0,,0,,0,0,0,0,0,0,0,0,0,0,0,0,0
2020-03-06,CMX,2,0,,0,,0,0,0,0,0,0,0,0,0,0,0,0,0
2020-03-07,CMX,3,1,,0,,0,0,0,0,0,0,0,0,0,0,0,0,0
2020-03-08,CMX,3,0,7,0,,0,0,0,0,0,0,0,0,0,0,0,0,0
2020-03-09,CMX,3,0,,0,,0,0,0,0,0,0,0,0,0,0,0,0,0
2020-03-10,CMX,3,0,,0,,0,0,0,0,0,0,0,0,0,0,0,0,0
2020-03-11,CMX,5,2,,0,,0,0,0,0,0,0,0,0,0,0,0,0,0
2020-03-12,CMX,5,0,,0,,0,0,0,0,0,0,0,0,0,0,0,0,0
2020-03-13,CMX,11,6,20,0,,0,0,0,0,0,0,0,0,0,0,0,0,0
2020-03-14,CMX,17,6,36,16,,0,0,0,0,0,0,0,0,0,0,0,0,0
2020-03-15,CMX,18,1,42,6,,0,0,0,0,0,0,0,0,0,0,0,0,0
2020-03-16,CMX,21,3,42,0,,0,0,0,0,0,0,0,0,0,0,0,0,0
2020-03-17,CMX,21,0,58,16,,0,0,0,0,0,0,0,0,0,0,0,0,0
2020-03-18,CMX,24,3,80,22,,0,0,0,0,0,0,0,0,0,0,0,0,0
2020-03-19,CMX,31,7,82,2,,0,1,1,0,0,0,0,0,0,0,0,0,0
2020-03-20,CMX,31,0,121,39,,0,1,0,0,0,0,0,0,0,0,0,0,0
2020-03-21,CMX,45,14,93,-28,,0,1,0,0,0,0,0,0,0,0,0,0,0
2020-03-22,CMX,56,11,140,47,,0,1,0,0,0,0,0,0,0,0,0,0,0
2020-03-23,CMX,60,4,186,46,,0,2,1,0,0,0,0,0,0,0,0,0,0
2020-03-24,CMX,66,6,231,45,,0,3,1,0,0,0,0,0,0,0,0,0,0
2020-03-25,CMX,82,16,238,7,,0,3,0,0,0,0,0,0,0,0,0,0,0
2020-03-26,CMX,83,1,401,163,,0,3,0,0,0,0,0,0,0,0,0,0,0
2020-03-27,CMX,107,24,505,104,,0,5,2,0,0,0,0,0,0,0,0,0,0
2020-03-28,CMX,177,70,398,-107,,0,7,2,0,0,0,0,0,0,0,0,0,0
2020-03-29,CMX,196,19,332,-66,,0,7,0,0,0,0,0,0,0,0,0,0,0
2020-03-30,CMX,205,9,434,102,,0,8,1,0,0,0,0,0,0,0,0,0,0
2020-03-31,CMX,234,29,517,83,,0,8,0,0,0,0,0,0,0,0,0,0,0
2020-04-01,CMX,296,62,591,74,,0,8,0,0,0,0,0,0,0,0,0,0,0
2020-04-02,CMX,327,31,757,166,,0,13,5,0,0,0,0,0,0,0,0,0,0
2020-04-03,CMX,384,57,862,105,,0,15,2,0,0,0,0,0,0,0,0,0,0
2020-04-04,CMX,469,85,938,76,1123,0,17,2,0,0,0,0,0,0,0,0,0,0
2020-04-05,CMX,560,91,697,-241,1382,259,19,2,0,0,0,0,0,0,0,0,0,0
2020-04-06,CMX,609,49,1100,403,1598,216,29,10,0,0,0,0,0,0,0,0,0,0
2020-04-07,CMX,723,114,1350,250,2430,832,32,3,0,0,0,0,0,0,0,0,0,0
2020-04-08,CMX,855,132,1782,432,2814,384,39,7,0,0,0,0,0,0,0,0,0,0
2020-04-09,CMX,909,54,2185,403,2972,158,43,4,0,0,0,0,0,0,0,0,0,0
2020-04-10,CMX,1040,131,2188,3,3505,533,46,3,0,0,0,0,0,0,0,0,0,0
2020-04-11,CMX,1117,77,2152,-36,3769,264,49,3,0,0,0,0,0,0,0,0,0,0
2020-04-12,CMX,1328,211,1323,-829,4584,815,56,7,6,6,23,23,537,891,1905,98,395,574
2020-04-13,CMX,1437,109,1518,195,4851,267,64,8,6,0,25,2,569,998,1955,95,512,509
2020-04-14,CMX,1556,119,2049,531,5092,241,92,28,10,4,41,16,601,1538,1918,113,882,411
2020-04-15,CMX,1686,130,2364,315,5449,357,99,7,9,-1,47,6,632,1800,1972,123,1117,412
2020-04-16,CMX,1828,142,2546,182,5872,423,110,11,13,4,51,4,691,1957,2104,143,1167,478
2020-04-17,CMX,2080,252,2832,286,5768,-104,136,26,26,13,50,-1,828,2260,2295,165,1414,564
2020-04-18,CMX,2299,219,2369,-463,6127,359,178,42,19,-7,64,14,911,1869,2365,167,1142,638
2020-04-19,CMX,2591,292,1576,-793,6681,554,183,5,15,-4,65,1,1060,1162,2637,203,660,738
2020-04-20,CMX,2710,119,1676,100,6875,194,188,5,18,3,66,1,1030,1255,2502,163,675,585
2020-04-21,CMX,2857,147,1771,95,7125,250,224,36,15,-3,71,5,1034,1551,2429,144,908,498
2020-04-22,CMX,3287,430,1697,-74,7884,759,251,27,14,-1,88,17,1277,1494,2468,200,906,408
2020-04-23,CMX,3685,398,1903,206,8422,538,268,17,18,4,93,5,1493,1679,2677,296,957,541
2020-04-24,CMX,4118,433,2063,160,8911,489,297,29,16,-2,99,6,1617,1793,2780,358,1095,624
2020-04-25,CMX,4431,313,2206,143,9176,265,307,10,13,-3,103,4,1731,1946,2779,316,1191,535
2020-04-26,CMX,4660,229,2101,-105,9447,271,309,2,16,3,103,0,1754,1838,2699,264,992,471
2020-04-27,CMX,4887,227,2321,220,9744,297,328,19,24,8,108,5,1696,2078,2577,203,986,371
2020-04-28,CMX,5261,374,3223,902,10103,359,348,20,22,-2,115,7,1792,2949,2550,197,1596,319
2020-04-29,CMX,5626,365,3993,770,10485,382,389,41,22,0,121,6,1813,3672,2443,176,2115,289
2020-04-30,CMX,6113,487,4946,953,10736,251,409,20,32,10,127,6,1952,4568,2326,230,2712,294
2020-05-01,CMX,6491,378,5166,220,11027,291,418,9,28,-4,128,1,1969,4818,2220,210,2686,287
2020-05-02,CMX,7035,544,4747,-419,11558,531,451,33,31,3,129,1,2107,4372,2403,271,2210,394
2020-05-03,CMX,7486,451,3804,-943,12533,975,472,21,29,-2,134,5,2187,3437,2936,261,1684,576
2020-05-04,CMX,7916,430,3783,-21,13396,863,499,27,21,-8,138,4,2063,3299,3170,229,1659,654
2020-05-05,CMX,8158,242,4708,925,13819,423,543,44,36,15,153,15,1960,4149,3191,162,2182,552
2020-05-06,CMX,8814,656,4817,109,14637,818,604,61,50,14,164,11,2205,4258,3494,262,2485,630
2020-05-07,CMX,9533,719,5148,331,15506,869,696,92,38,-12,182,18,2424,4549,3880,375,2694,759
2020-05-08,CMX,10276,743,5834,686,16183,677,729,33,42,4,187,5,2461,5249,4051,398,2888,706
2020-05-09,CMX,10911,635,5615,-219,16899,716,774,45,36,-6,203,16,2515,5163,4185,404,2727,813
2020-05-10,CMX,11599,688,5066,-549,17467,568,796,22,30,-6,209,6,2664,4592,4179,380,2333,752
2020-05-11,CMX,11905,306,5917,851,17676,209,819,23,27,-3,210,1,2440,5345,3697,263,2513,496
2020-05-12,CMX,12572,667,6708,791,18267,591,937,118,43,16,242,32,2616,6027,3666,372,2777,586
2020-05-13,CMX,13095,523,7952,1244,18676,409,1057,120,63,20,267,25,2731,7120,3554,397,3233,552
2020-05-14,CMX,13938,843,8454,502,19560,884,1123,66,114,51,291,24,2943,7307,3740,518,3205,775
2020-05-15,CMX,14878,940,8853,399,20501,941,1197,74,141,27,316,25,3067,7135,3786,605,3155,895
2020-05-16,CMX,15609,731,8571,-282,21424,923,1286,89,160,19,339,23,3227,6654,4150,581,2853,949
2020-05-17,CMX,16298,689,7847,-724,22158,734,1332,46,174,14,353,14,3370,5832,4327,499,2081,890
2020-05-18,CMX,17385,1087,7157,-690,23315,1157,1381,49,194,20,363,10,3558,5302,4429,510,2003,864
2020-05-19,CMX,18279,894,8160,1003,24107,792,1452,71,212,18,383,20,3655,6047,4424,471,2839,785
2020-05-21,CMX,20076,1797,9490,1330,25844,1737,1754,302,204,-8,434,51,3970,7116,4678,689,3765,996
2020-05-22,CMX,21182,1106,9379,-111,27160,1316,1854,100,225,21,454,20,4157,6977,5025,704,3708,1052
2020-05-23,CMX,22675,1493,7549,-1830,28713,1553,1899,45,208,-17,479,25,4647,5535,5725,852,3037,1324
2020-05-24,CMX,23618,943,6132,-1417,29916,1203,1963,64,159,-49,507,28,4572,4090,5994,869,2162,1508
2020-05-25,CMX,24286,668,6729,597,30602,686,2024,61,184,25,530,23,4375,4514,5844,671,2380,1192
2020-05-26,CMX,25171,885,7631,902,31381,779,2166,142,187,3,564,34,4392,5404,5783,594,3146,1066
2020-05-27,CMX,26137,966,8466,835,32287,906,2313,147,193,6,594,30,4554,6117,5903,519,3239,896
2020-05-28,CMX,27319,1182,8888,422,33318,1031,2427,114,228,35,628,34,4802,6553,6232,597,3601,1041
2020-05-29,CMX,28397,1078,9330,442,33982,664,2536,109,233,5,651,23,4812,6579,5989,691,3552,1087
2020-05-30,CMX,29205,808,8746,-584,35189,1207,2621,85,240,7,667,16,4826,6101,6316,702,3163,1264
2020-05-31,CMX,30103,898,7658,-1088,36247,1058,2658,37,224,-16,672,5,4899,5131,6486,695,2535,1262
2020-06-01,CMX,30987,884,7902,244,36995,748,2713,55,258,34,685,13,4718,5145,6084,610,2460,1026
2020-06-02,CMX,31850,863,9360,1458,37677,682,2850,137,262,4,701,16,4636,6560,5893,446,3480,815
2020-06-03,CMX,32906,1056,10151,791,38580,903,3214,364,296,34,745,44,4253,6993,5382,514,3757,905
2020-06-04,CMX,34243,1337,10596,445,39704,1124,3456,242,325,29,777,32,4673,7369,5732,645,4148,973
2020-06-05,CMX,35685,1442,10311,-285,41163,1459,3631,175,349,24,837,60,5048,7003,6217,838,4159,1213
2020-06-06,CMX,36534,849,10003,-308,42227,1064,3696,65,395,46,868,31,5090,6464,6517,811,3714,1397
2020-06-07,CMX,37278,744,9175,-828,43002,775,3729,33,411,16,884,16,5082,5586,6549,791,2965,1428
2020-06-08,CMX,38060,782,9704,529,43781,779,3804,75,457,46,904,20,4763,5667,6086,656,2626,1198
2020-06-09,CMX,38993,933,11279,1575,44481,700,3941,137,540,83,938,34,4648,6967,5880,569,3440,1031
2020-06-10,CMX,40117,1124,12099,820,45537,1056,4106,165,560,20,977,39,4763,7641,5996,570,4000,973
2020-06-11,CMX,41261,1144,12871,772,46525,988,4266,160,551,-9,1047,70,4811,8119,5985,618,4437,951
2020-06-12,CMX,42746,1485,13122,251,47865,1340,4401,135,571,20,1081,34,5109,8285,6352,656,4498,1141
2020-06-13,CMX,43559,813,12772,-350,48904,1039,4503,102,599,28,1086,5,5093,7670,6540,633,3967,1275
2020-06-14,CMX,44683,1124,11317,-1455,50160,1256,4553,50,601,2,1093,7,5380,6137,6992,760,3010,1586
2020-06-15,CMX,45439,756,11458,141,51317,1157,4664,111,636,35,1105,12,4761,5908,6575,619,3196,1492
2020-06-16,CMX,46178,739,13064,1606,52213,896,4821,157,656,20,1132,27,4599,7283,6506,532,4367,1320
2020-06-17,CMX,47098,920,13717,653,53627,1414,5042,221,697,41,1181,49,4617,7788,6818,473,4426,1188
2020-06-18,CMX,48614,1516,13159,-558,55475,1848,5184,142,701,4,1206,25,4913,7356,7676,660,4183,1588
2020-06-19,CMX,49851,1237,12889,-270,57295,1820,5314,130,721,20,1251,45,5050,6911,8282,810,4058,1921
2020-06-20,CMX,50881,1030,11748,-1141,58652,1357,5378,64,725,4,1268,17,5013,5859,8732,816,3325,2183
2020-06-21,CMX,51696,815,10537,-1211,59877,1225,5451,73,733,8,1288,20,5122,4600,9158,918,2431,2277
2020-06-22,CMX,52175,479,11186,649,60645,768,5515,64,743,10,1299,11,4720,5055,8743,652,2587,1800
2020-06-23,CMX,52975,800,12008,822,61606,961,5656,141,752,9,1319,20,4672,5972,8541,640,3367,1563
2020-06-24,CMX,53757,782,12858,850,62627,1021,5938,282,776,24,1357,38,4363,6571,7684,684,4080,1327
2020-06-25,CMX,54854,1097,12913,55,64215,1588,6116,178,782,6,1393,36,4614,6525,7980,767,4149,1488
2020-06-26,CMX,55909,1055,13402,489,65548,1333,6245,129,760,-22,1428,35,4668,6952,8143,826,4444,1579
2020-06-27,CMX,56752,843,12764,-638,66599,1051,6324,79,765,5,1446,18,4627,6409,8312,693,3388,1548
2020-06-28,CMX,57280,528,12049,-715,67488,889,6360,36,774,9,1452,6,4597,5581,8256,639,2747,1570
2020-06-29,CMX,57750,470,13431,1382,68238,750,6456,96,802,28,1477,25,4079,6584,7424,603,3259,1422
2020-06-30,CMX,58394,644,15105,1674,69436,1198,6560,104,833,31,1515,38,4040,7757,7552,471,4515,1329
2020-07-01,CMX,59023,629,16433,1328,70477,1041,6642,82,849,16,1539,24,4040,8787,7455,477,5321,1245
2020-07-02,CMX,60225,1202,16433,0,72216,1739,6750,108,833,-16,1577,38,4329,8558,7981,646,5207,1498
2020-07-03,CMX,61606,1381,16048,-385,73999,1783,6848,98,838,5,1615,38,4530,8426,8452,664,5293,1688
2020-07-04,CMX,62886,1280,14513,-1535,75852,1853,6921,73,824,-14,1636,21,4660,6615,8654,915,4263,2320
2020-07-05,CMX,63530,644,13566,-947,76976,1124,6963,42,847,23,1643,7,4705,5559,8940,870,3194,2355
2020-07-06,CMX,64092,562,14414,848,78000,1024,7053,90,867,20,1662,19,4526,6317,8793,734,3771,2128
2020-07-07,CMX,64960,868,15543,1129,79258,1258,7191,138,890,23,1691,29,4605,7312,8989,688,4571,1876
2020-07-08,CMX,66339,1379,15455,-88,81106,1848,7303,112,898,8,1718,27,4868,7667,9434,720,4566,1805
2020-07-09,CMX,67410,1071,15440,-15,83033,1927,7450,147,896,-2,1752,34,5017,7358,9896,828,4367,2208
2020-07-10,CMX,68948,1538,14196,-1244,85688,2655,7579,129,872,-24,1787,35,5472,6280,10777,1048,3796,2655
2020-07-11,CMX,69891,943,13529,-667,87031,1343,7625,46,858,-14,1795,8,5539,5826,11263,1020,3503,2859
2020-07-12,CMX,70344,453,12583,-946,88230,1199,7657,32,860,2,1806,11,5223,4741,11241,899,2552,2758
2020-07-13,CMX,70834,490,13840,1257,89148,918,7722,65,875,15,1822,16,4887,5754,10799,710,3302,2393
2020-07-14,CMX,71775,941,15322,1482,90129,981,7817,95,887,12,1849,27,4625,7293,10121,647,4468,2026
2020-07-15,CMX,72776,1001,15448,126,91496,1367,7910,93,878,-9,1867,18,4498,6910,9541,772,4391,2104
2020-07-16,CMX,73752,976,16140,692,92987,1491,8008,98,870,-8,1881,14,4618,7300,9705,880,4660,2230
2020-07-17,CMX,74921,1169,17275,1135,94779,1792,8101,93,864,-6,1899,18,4683,8471,9926,798,5089,2011
2020-07-18,CMX,75828,907,18620,1345,96554,1775,8160,59,870,6,1919,20,4776,9773,10641,814,5956,2371
2020-07-19,CMX,76671,843,17734,-886,98286,1732,8205,45,860,-10,1940,21,4821,8896,10953,902,5036,2725
2020-07-20,CMX,77503,832,15955,-1779,100316,2030,8253,48,863,3,1959,19,4849,7028,11455,854,3542,2658
2020-07-21,CMX,78690,1187,16754,799,102152,1836,8354,101,856,-7,1983,24,4818,8048,11685,797,4548,2596
2020-07-22,CMX,79625,935,17640,886,104007,1855,8440,86,868,12,2017,34,4883,8993,12071,653,4977,2190
2020-07-23,CMX,81182,1557,17678,38,106343,2336,8529,89,846,-22,2038,21,5274,9482,12796,741,5588,2079
2020-07-24,CMX,82581,1399,17428,-250,108811,2468,8601,72,833,-13,2054,16,5162,9249,12345,790,5481,2122
2020-07-25,CMX,83324,743,18814,1386,110075,1264,8647,46,847,14,2068,14,5209,10496,12362,740,6083,2150
2020-07-26,CMX,84090,766,17944,-870,111442,1367,8693,46,853,6,2085,17,5267,9553,12347,782,5340,2203
2020-07-27,CMX,84556,466,17507,-437,112521,1079,8731,38,860,7,2092,7,4744,8855,11472,555,3860,1519
2020-07-28,CMX,86022,1466,16737,-770,115261,2740,8789,58,858,-2,2122,30,5337,8089,12451,656,3911,1867
2020-07-29,CMX,86789,767,17558,821,116940,1679,8828,39,856,-2,2137,15,4925,8523,11690,570,4413,1785
2020-07-30,CMX,88004,1215,18140,582,118995,2055,8870,42,862,6,2155,18,5273,8903,11805,685,4877,1955
2020-07-31,CMX,89321,1317,17829,-311,121528,2533,8920,50,867,5,2173,18,5523,8422,12118,763,5005,2215
2020-08-01,CMX,90334,1013,18307,478,123439,1911,8969,49,863,-4,2199,26,5568,8827,12422,796,5087,2431
2020-08-02,CMX,90965,631,17536,-771,124983,1544,8993,24,864,1,2210,11,5488,8012,12625,793,4464,2552
2020-08-03,CMX,91535,570,16779,-757,126182,1199,9032,39,867,3,2229,19,4704,6849,10863,633,3541,2150
2020-08-04,CMX,92458,923,17222,443,127736,1554,9114,82,882,15,2260,31,4561,7336,10715,522,3976,1858
2020-08-05,CMX,93369,911,18306,1084,129394,1658,9181,67,892,10,2278,18,4446,8420,10778,481,4957,1712
2020-08-06,CMX,94365,996,19109,803,131159,1765,9246,65,904,12,2296,18,4507,9228,10823,517,5606,1681
