Fecha,Estado,Positivos,Positivos_Delta,Sospechosos,Sospechosos_Delta,Negativos,Negativos_Delta,Defunciones_Positivos,Defunciones_Positivos_Delta,Defunciones_Sospechosos,Defunciones_Sospechosos_Delta,Defunciones_Negativos,Defunciones_Negativos_Delta,Positivos_Sintomas_14_Dias,Sospechosos_Sintomas_14_Dias,Negativos_Sintomas_14_Dias,Positivos_Sintomas_7_Dias,Sospechosos_Sintomas_7_Dias,Negativos_Sintomas_7_Dias
2020-02-27,ROO,0,0,,0,,0,0,0,0,0,0,0,0,0,0,0,0,0
2020-02-28,ROO,0,0,,0,,0,0,0,0,0,0,0,0,0,0,0,0,0
2020-02-29,ROO,0,0,,0,,0,0,0,0,0,0,0,0,0,0,0,0,0
2020-03-01,ROO,0,0,,0,,0,0,0,0,0,0,0,0,0,0,0,0,0
2020-03-02,ROO,0,0,,0,,0,0,0,0,0,0,0,0,0,0,0,0,0
2020-03-03,ROO,0,0,,0,,0,0,0,0,0,0,0,0,0,0,0,0,0
2020-03-04,ROO,0,0,,0,,0,0,0,0,0,0,0,0,0,0,0,0,0
2020-03-05,ROO,0,0,,0,,0,0,0,0,0,0,0,0,0,0,0,0,0
2020-03-06,ROO,0,0,,0,,0,0,0,0,0,0,0,0,0,0,0,0,0
2020-03-07,ROO,0,0,,0,,0,0,0,0,0,0,0,0,0,0,0,0,0
2020-03-08,ROO,0,0,1,0,,0,0,0,0,0,0,0,0,0,0,0,0,0
2020-03-09,ROO,0,0,,0,,0,0,0,0,0,0,0,0,0,0,0,0,0
2020-03-10,ROO,0,0,,0,,0,0,0,0,0,0,0,0,0,0,0,0,0
2020-03-11,ROO,0,0,,0,,0,0,0,0,0,0,0,0,0,0,0,0,0
2020-03-12,ROO,0,0,,0,,0,0,0,0,0,0,0,0,0,0,0,0,0
2020-03-13,ROO,1,1,4,0,,0,0,0,0,0,0,0,0,0,0,0,0,0
2020-03-14,ROO,1,0,8,4,,0,0,0,0,0,0,0,0,0,0,0,0,0
2020-03-15,ROO,1,0,7,-1,,0,0,0,0,0,0,0,0,0,0,0,0,0
2020-03-16,ROO,4,3,9,2,,0,0,0,0,0,0,0,0,0,0,0,0,0
2020-03-17,ROO,4,0,19,10,,0,0,0,0,0,0,0,0,0,0,0,0,0
2020-03-18,ROO,6,2,12,-7,,0,0,0,0,0,0,0,0,0,0,0,0,0
2020-03-19,ROO,6,0,29,17,,0,0,0,0,0,0,0,0,0,0,0,0,0
2020-03-20,ROO,11,5,23,-6,,0,0,0,0,0,0,0,0,0,0,0,0,0
2020-03-21,ROO,12,1,27,4,,0,0,0,0,0,0,0,0,0,0,0,0,0
2020-03-22,ROO,12,0,38,11,,0,0,0,0,0,0,0,0,0,0,0,0,0
2020-03-23,ROO,21,9,19,-19,,0,0,0,0,0,0,0,0,0,0,0,0,0
2020-03-24,ROO,22,1,20,1,,0,0,0,0,0,0,0,0,0,0,0,0,0
2020-03-25,ROO,22,0,30,10,,0,0,0,0,0,0,0,0,0,0,0,0,0
2020-03-26,ROO,29,7,37,7,,0,0,0,0,0,0,0,0,0,0,0,0,0
2020-03-27,ROO,29,0,53,16,,0,0,0,0,0,0,0,0,0,0,0,0,0
2020-03-28,ROO,33,4,52,-1,,0,1,1,0,0,0,0,0,0,0,0,0,0
2020-03-29,ROO,38,5,45,-7,,0,1,0,0,0,0,0,0,0,0,0,0,0
2020-03-30,ROO,43,5,35,-10,,0,1,0,0,0,0,0,0,0,0,0,0,0
2020-03-31,ROO,47,4,43,8,,0,1,0,0,0,0,0,0,0,0,0,0,0
2020-04-01,ROO,51,4,50,7,,0,1,0,0,0,0,0,0,0,0,0,0,0
2020-04-02,ROO,56,5,97,47,,0,1,0,0,0,0,0,0,0,0,0,0,0
2020-04-03,ROO,65,9,119,22,,0,1,0,0,0,0,0,0,0,0,0,0,0
2020-04-04,ROO,75,10,115,-4,198,0,2,1,0,0,0,0,0,0,0,0,0,0
2020-04-05,ROO,86,11,110,-5,214,16,4,2,0,0,0,0,0,0,0,0,0,0
2020-04-06,ROO,115,29,148,38,228,14,8,4,0,0,0,0,0,0,0,0,0,0
2020-04-07,ROO,135,20,171,23,294,66,9,1,0,0,0,0,0,0,0,0,0,0
2020-04-08,ROO,143,8,200,29,317,23,10,1,0,0,0,0,0,0,0,0,0,0
2020-04-09,ROO,159,16,217,17,336,19,12,2,0,0,0,0,0,0,0,0,0,0
2020-04-10,ROO,163,4,234,17,355,19,13,1,0,0,0,0,0,0,0,0,0,0
2020-04-11,ROO,216,53,186,-48,395,40,18,5,0,0,0,0,0,0,0,0,0,0
2020-04-12,ROO,223,7,201,15,408,13,19,1,6,6,9,9,85,131,90,9,46,12
2020-04-13,ROO,239,16,203,2,419,11,22,3,7,1,13,4,86,124,88,9,34,9
2020-04-14,ROO,245,6,201,-2,441,22,25,3,7,0,16,3,83,124,84,2,49,7
2020-04-15,ROO,269,24,182,-19,463,22,27,2,6,-1,17,1,94,95,86,3,52,8
2020-04-16,ROO,276,7,190,8,472,9,28,1,7,1,16,-1,86,102,75,6,48,8
2020-04-17,ROO,280,4,232,42,430,-42,31,3,6,-1,18,2,74,142,65,2,66,10
2020-04-18,ROO,315,35,188,-44,450,20,31,0,5,-1,19,1,94,104,70,11,38,10
2020-04-19,ROO,322,7,183,-5,457,7,31,0,5,0,19,0,79,95,62,8,31,8
2020-04-20,ROO,360,38,150,-33,478,21,34,3,4,-1,20,1,93,69,65,13,33,7
2020-04-21,ROO,393,33,86,-64,489,11,47,13,0,-4,19,-1,100,78,66,13,49,4
2020-04-22,ROO,426,33,69,-17,571,82,56,9,1,1,22,3,108,69,70,16,43,7
2020-04-23,ROO,461,35,57,-12,584,13,61,5,1,0,23,1,117,57,69,18,42,12
2020-04-24,ROO,511,50,56,-1,601,17,71,10,0,-1,25,2,141,56,67,21,39,9
2020-04-25,ROO,540,29,57,1,612,11,76,5,0,0,25,0,137,57,60,17,31,11
2020-04-26,ROO,593,53,78,21,621,9,79,3,0,0,26,1,155,77,61,17,39,5
2020-04-27,ROO,643,50,145,67,640,19,85,6,2,2,26,0,172,139,64,15,60,9
2020-04-28,ROO,688,45,179,34,654,14,90,5,1,-1,26,0,182,164,63,11,83,8
2020-04-29,ROO,701,13,229,50,658,4,108,18,5,4,31,5,170,198,56,10,102,7
2020-04-30,ROO,778,77,206,-23,676,18,114,6,3,-2,32,1,208,173,63,30,104,9
2020-05-01,ROO,820,42,146,-60,706,30,116,2,2,-1,33,1,214,129,71,36,80,14
2020-05-02,ROO,878,58,88,-58,735,29,116,0,3,1,33,0,224,77,87,45,42,23
2020-05-03,ROO,900,22,94,6,748,13,118,2,5,2,33,0,222,84,84,32,44,24
2020-05-04,ROO,912,12,139,45,752,4,119,1,7,2,34,1,189,117,74,24,65,16
2020-05-05,ROO,944,32,142,3,755,3,142,23,9,2,36,2,191,122,74,18,72,9
2020-05-06,ROO,970,26,165,23,767,12,158,16,7,-2,37,1,189,150,80,16,100,9
2020-05-07,ROO,989,19,184,19,784,17,168,10,10,3,38,1,182,171,84,22,115,14
2020-05-08,ROO,1022,33,176,-8,812,28,175,7,12,2,39,1,195,168,96,26,108,20
2020-05-09,ROO,1062,40,151,-25,844,32,182,7,10,-2,42,3,196,139,118,35,80,34
2020-05-10,ROO,1072,10,167,16,844,0,183,1,9,-1,44,2,174,156,107,29,92,24
2020-05-11,ROO,1109,37,138,-29,882,38,192,9,9,0,47,3,181,123,131,28,69,43
2020-05-12,ROO,1135,26,176,38,889,7,211,19,9,0,49,2,177,159,122,31,102,31
2020-05-13,ROO,1168,33,159,-17,915,26,222,11,9,0,53,4,184,153,137,34,104,33
2020-05-14,ROO,1217,49,162,3,943,28,229,7,10,1,58,5,217,142,156,51,106,39
2020-05-15,ROO,1247,30,179,17,969,26,234,5,11,1,60,2,217,152,163,43,117,43
2020-05-16,ROO,1278,31,182,3,1005,36,242,8,12,1,62,2,215,111,184,39,72,51
2020-05-17,ROO,1305,27,178,-4,1016,11,246,4,13,1,62,0,215,105,182,28,59,39
2020-05-18,ROO,1336,31,185,7,1053,37,253,7,13,0,63,1,198,111,194,23,76,37
2020-05-19,ROO,1355,19,209,24,1078,25,262,9,15,2,65,2,199,133,196,20,101,34
2020-05-21,ROO,1440,85,218,9,1136,58,280,18,14,-1,69,4,222,143,210,36,101,50
2020-05-22,ROO,1520,80,193,-25,1154,18,283,3,17,3,71,2,221,158,209,40,111,49
2020-05-23,ROO,1568,48,160,-33,1190,36,288,5,16,-1,74,3,225,126,216,45,94,51
2020-05-24,ROO,1597,29,160,0,1207,17,291,3,10,-6,82,8,217,130,193,47,94,34
2020-05-25,ROO,1629,32,153,-7,1243,36,294,3,10,0,84,2,232,121,194,41,88,37
2020-05-26,ROO,1671,42,188,35,1276,33,304,10,9,-1,87,3,247,154,206,33,111,50
2020-05-27,ROO,1717,46,178,-10,1294,18,323,19,10,1,91,4,253,143,207,38,93,45
2020-05-28,ROO,1765,48,178,0,1327,33,337,14,8,-2,92,1,276,140,217,46,104,44
2020-05-29,ROO,1804,39,179,1,1356,29,341,4,10,2,96,4,283,139,222,53,106,45
2020-05-30,ROO,1839,35,211,32,1387,31,347,6,10,0,99,3,287,169,226,50,132,50
2020-05-31,ROO,1871,32,186,-25,1415,28,352,5,8,-2,99,0,291,144,222,43,111,49
2020-06-01,ROO,1915,44,175,-11,1441,26,355,3,9,1,101,2,285,130,226,47,78,48
2020-06-02,ROO,1945,30,206,31,1476,35,363,8,8,-1,103,2,268,160,241,46,122,39
2020-06-03,ROO,1999,54,228,22,1502,26,393,30,2,-6,107,4,267,186,243,41,150,29
2020-06-04,ROO,2061,62,209,-19,1545,43,401,8,2,0,112,5,300,167,254,61,138,46
2020-06-05,ROO,2105,44,205,-4,1582,37,411,10,1,-1,117,5,312,161,263,62,134,57
2020-06-06,ROO,2151,46,157,-48,1628,46,418,7,1,0,119,2,324,114,284,62,97,72
2020-06-07,ROO,2168,17,165,8,1646,18,418,0,2,1,120,1,303,120,267,48,96,54
2020-06-08,ROO,2186,18,198,33,1672,26,422,4,3,1,121,1,271,148,252,27,111,47
2020-06-09,ROO,2224,38,236,38,1696,24,442,20,4,1,123,2,285,188,241,22,152,47
2020-06-10,ROO,2272,48,238,2,1747,51,448,6,6,2,125,2,284,190,258,37,159,69
2020-06-11,ROO,2317,45,268,30,1786,39,456,8,6,0,129,4,289,217,278,57,175,86
2020-06-12,ROO,2372,55,264,-4,1841,55,459,3,4,-2,130,1,304,214,308,65,174,93
2020-06-13,ROO,2429,57,252,-12,1881,40,464,5,2,-2,133,3,320,203,318,70,168,67
2020-06-14,ROO,2491,62,197,-55,1940,59,467,3,3,1,134,1,345,145,340,82,104,94
2020-06-15,ROO,2497,6,281,84,1951,11,474,7,4,1,136,2,299,224,312,46,161,63
2020-06-16,ROO,2547,50,313,32,2003,52,487,13,4,0,142,6,311,255,336,40,204,71
2020-06-17,ROO,2643,96,289,-24,2039,36,498,11,5,1,144,2,378,230,344,71,187,55
2020-06-18,ROO,2719,76,314,25,2085,46,500,2,7,2,144,0,422,256,363,77,211,69
2020-06-19,ROO,2778,59,324,10,2144,59,507,7,6,-1,145,1,439,264,372,84,206,88
2020-06-20,ROO,2838,60,291,-33,2213,69,510,3,7,1,145,0,453,228,379,89,182,104
2020-06-21,ROO,2930,92,196,-95,2260,47,514,4,5,-2,145,0,488,131,397,113,94,112
2020-06-22,ROO,2953,23,306,110,2278,18,517,3,5,0,147,2,448,236,366,75,183,84
2020-06-23,ROO,2992,39,437,131,2295,17,523,6,8,3,149,2,441,357,349,61,290,45
2020-06-24,ROO,3125,133,429,-8,2354,59,534,11,5,-3,153,4,514,345,356,117,295,66
2020-06-25,ROO,3213,88,456,27,2434,80,543,9,10,5,156,3,537,369,403,135,313,99
2020-06-26,ROO,3284,71,493,37,2528,94,551,8,9,-1,160,4,552,403,442,125,338,146
2020-06-27,ROO,3379,95,449,-44,2612,84,556,5,6,-3,162,2,589,354,484,105,244,116
2020-06-28,ROO,3416,37,449,0,2671,59,562,6,6,0,163,1,574,350,499,88,225,92
2020-06-29,ROO,3518,102,492,43,2719,48,565,3,7,1,163,0,601,385,497,110,267,68
2020-06-30,ROO,3598,80,594,102,2774,55,575,10,5,-2,168,5,609,493,499,77,381,56
2020-07-01,ROO,3762,164,617,23,2852,78,595,20,4,-1,172,4,714,511,540,153,400,84
2020-07-02,ROO,3926,164,596,-21,2912,60,605,10,6,2,174,2,801,481,558,203,358,116
2020-07-03,ROO,4053,127,595,-1,3008,96,608,3,5,-1,176,2,838,476,609,197,344,142
2020-07-04,ROO,4175,122,521,-74,3080,72,615,7,7,2,178,2,830,391,547,194,273,141
2020-07-05,ROO,4224,49,517,-4,3088,8,624,9,8,1,178,0,805,387,498,101,247,87
2020-07-06,ROO,4310,86,581,64,3118,30,628,4,10,2,178,0,812,444,467,87,279,72
2020-07-07,ROO,4424,114,665,84,3123,5,643,15,9,-1,186,8,826,514,438,88,362,44
2020-07-08,ROO,4546,122,702,37,3165,42,657,14,9,0,191,5,865,550,435,107,397,27
2020-07-09,ROO,4736,190,702,0,3194,29,668,11,12,3,193,2,950,531,422,166,399,29
2020-07-10,ROO,4797,61,863,161,3219,25,686,18,11,-1,197,4,870,683,379,120,510,30
2020-07-11,ROO,5014,217,719,-144,3281,62,690,4,12,1,200,3,972,530,365,172,374,55
2020-07-12,ROO,5204,190,552,-167,3365,84,696,6,8,-4,202,2,995,351,363,224,226,104
2020-07-13,ROO,5326,122,585,33,3400,35,703,7,12,4,203,1,997,377,341,186,262,91
2020-07-14,ROO,5395,69,781,196,3421,21,730,27,11,-1,206,3,966,561,306,125,430,73
2020-07-15,ROO,5493,98,865,84,3469,48,744,14,9,-2,211,5,941,639,301,119,464,70
2020-07-16,ROO,5586,93,911,46,3503,34,761,17,14,5,213,2,926,672,303,84,453,49
2020-07-17,ROO,5733,147,937,26,3592,89,767,6,13,-1,213,0,934,678,364,106,453,67
2020-07-18,ROO,6047,314,670,-267,3793,201,786,19,11,-2,216,3,1089,419,526,208,310,174
2020-07-19,ROO,6111,64,658,-12,3855,62,792,6,10,-1,218,2,1027,395,565,170,250,176
2020-07-20,ROO,6235,124,545,-113,3945,90,795,3,9,-1,218,0,1001,266,602,151,152,169
2020-07-21,ROO,6318,83,683,138,3986,41,822,27,12,3,219,1,952,401,590,107,293,115
2020-07-22,ROO,6450,132,724,41,4062,76,844,22,13,1,223,4,955,433,609,116,322,116
2020-07-23,ROO,6506,56,893,169,4090,28,864,20,12,-1,226,3,851,596,559,94,424,59
2020-07-24,ROO,6748,242,768,-125,4204,114,883,19,12,0,230,4,943,463,601,213,298,128
2020-07-25,ROO,6968,220,644,-124,4301,97,905,22,12,0,233,3,1029,342,636,236,238,151
2020-07-26,ROO,7060,92,618,-26,4341,40,913,8,10,-2,234,1,995,312,613,188,176,119
2020-07-27,ROO,7164,104,576,-42,4386,45,923,10,10,0,235,1,969,255,571,128,131,91
2020-07-28,ROO,7216,52,773,197,4412,26,939,16,12,2,238,3,903,441,508,100,298,64
2020-07-29,ROO,7350,134,726,-47,4485,73,956,17,14,2,240,2,914,390,510,121,240,88
2020-07-30,ROO,7488,138,753,27,4548,63,976,20,13,-1,249,9,930,412,469,136,279,94
2020-07-31,ROO,7633,145,751,-2,4641,93,989,13,15,2,252,3,968,403,520,180,265,135
2020-08-01,ROO,7780,147,729,-22,4713,72,1007,18,13,-2,254,2,966,375,540,184,243,148
2020-08-02,ROO,7912,132,595,-134,4798,85,1011,4,13,0,254,0,939,225,547,190,125,158
2020-08-03,ROO,7966,54,636,41,4815,17,1018,7,14,1,257,3,839,250,484,149,131,112
2020-08-04,ROO,8036,70,754,118,4852,37,1026,8,15,1,261,4,817,353,467,95,229,88
2020-08-05,ROO,8168,132,776,22,4920,68,1058,32,14,-1,268,7,820,368,486,114,249,102
2020-08-06,ROO,8291,123,792,16,5005,85,1074,16,14,0,274,6,833,374,517,152,250,136
2020-08-07,ROO,8424,133,762,-30,5079,74,1091,17,13,-1,275,1,862,339,547,171,247,149
2020-08-08,ROO,8541,117,695,-67,5155,76,1105,14,13,0,281,6,854,273,562,157,201,160
2020-08-09,ROO,8627,86,630,-65,5211,56,1107,2,12,-1,282,1,819,204,554,155,130,133
2020-08-10,ROO,8693,66,576,-54,5267,56,1120,13,11,-1,288,6,749,177,523,110,88,120
2020-08-11,ROO,8747,54,741,165,5293,26,1136,16,12,1,290,2,667,332,485,81,261,88
2020-08-12,ROO,8884,137,688,-53,5363,70,1157,21,14,2,293,3,715,276,494,133,201,93
2020-08-13,ROO,8981,97,664,-24,5432,69,1176,19,14,0,295,2,739,246,511,134,181,109
2020-08-14,ROO,9074,93,667,3,5489,57,1200,24,16,2,298,3,738,251,511,146,165,121
2020-08-15,ROO,9160,86,640,-27,5548,59,1206,6,15,-1,301,3,702,218,510,146,147,133
2020-08-16,ROO,9220,60,588,-52,5605,57,1212,6,15,0,302,1,668,159,485,122,97,129
2020-08-17,ROO,9248,28,596,8,5634,29,1215,3,17,2,303,1,592,153,465,91,83,93
2020-08-18,ROO,9315,67,693,97,5659,25,1235,20,18,1,309,6,562,271,427,64,198,67
2020-08-19,ROO,9425,110,690,-3,5708,49,1260,25,18,0,315,6,592,262,411,103,191,73
