Fecha,Estado,Positivos,Positivos_Delta,Sospechosos,Sospechosos_Delta,Negativos,Negativos_Delta,Defunciones_Positivos,Defunciones_Positivos_Delta,Defunciones_Sospechosos,Defunciones_Sospechosos_Delta,Defunciones_Negativos,Defunciones_Negativos_Delta,Positivos_Sintomas_14_Dias,Sospechosos_Sintomas_14_Dias,Negativos_Sintomas_14_Dias,Positivos_Sintomas_7_Dias,Sospechosos_Sintomas_7_Dias,Negativos_Sintomas_7_Dias
2020-02-27,SLP,0,0,,0,,0,0,0,0,0,0,0,0,0,0,0,0,0
2020-02-28,SLP,0,0,,0,,0,0,0,0,0,0,0,0,0,0,0,0,0
2020-02-29,SLP,0,0,,0,,0,0,0,0,0,0,0,0,0,0,0,0,0
2020-03-01,SLP,0,0,,0,,0,0,0,0,0,0,0,0,0,0,0,0,0
2020-03-02,SLP,0,0,,0,,0,0,0,0,0,0,0,0,0,0,0,0,0
2020-03-03,SLP,0,0,,0,,0,0,0,0,0,0,0,0,0,0,0,0,0
2020-03-04,SLP,0,0,,0,,0,0,0,0,0,0,0,0,0,0,0,0,0
2020-03-05,SLP,0,0,,0,,0,0,0,0,0,0,0,0,0,0,0,0,0
2020-03-06,SLP,0,0,,0,,0,0,0,0,0,0,0,0,0,0,0,0,0
2020-03-07,SLP,0,0,,0,,0,0,0,0,0,0,0,0,0,0,0,0,0
2020-03-08,SLP,0,0,,0,,0,0,0,0,0,0,0,0,0,0,0,0,0
2020-03-09,SLP,0,0,,0,,0,0,0,0,0,0,0,0,0,0,0,0,0
2020-03-10,SLP,0,0,,0,,0,0,0,0,0,0,0,0,0,0,0,0,0
2020-03-11,SLP,0,0,,0,,0,0,0,0,0,0,0,0,0,0,0,0,0
2020-03-12,SLP,0,0,,0,,0,0,0,0,0,0,0,0,0,0,0,0,0
2020-03-13,SLP,0,0,6,0,,0,0,0,0,0,0,0,0,0,0,0,0,0
2020-03-14,SLP,1,1,3,-3,,0,0,0,0,0,0,0,0,0,0,0,0,0
2020-03-15,SLP,2,1,3,0,,0,0,0,0,0,0,0,0,0,0,0,0,0
2020-03-16,SLP,2,0,8,5,,0,0,0,0,0,0,0,0,0,0,0,0,0
2020-03-17,SLP,2,0,7,-1,,0,0,0,0,0,0,0,0,0,0,0,0,0
2020-03-18,SLP,3,1,16,9,,0,0,0,0,0,0,0,0,0,0,0,0,0
2020-03-19,SLP,7,4,9,-7,,0,0,0,0,0,0,0,0,0,0,0,0,0
2020-03-20,SLP,7,0,14,5,,0,0,0,0,0,0,0,0,0,0,0,0,0
2020-03-21,SLP,9,2,17,3,,0,0,0,0,0,0,0,0,0,0,0,0,0
2020-03-22,SLP,12,3,24,7,,0,0,0,0,0,0,0,0,0,0,0,0,0
2020-03-23,SLP,16,4,21,-3,,0,0,0,0,0,0,0,0,0,0,0,0,0
2020-03-24,SLP,16,0,23,2,,0,0,0,0,0,0,0,0,0,0,0,0,0
2020-03-25,SLP,17,1,31,8,,0,1,1,0,0,0,0,0,0,0,0,0,0
2020-03-26,SLP,18,1,45,14,,0,2,1,0,0,0,0,0,0,0,0,0,0
2020-03-27,SLP,19,1,59,14,,0,2,0,0,0,0,0,0,0,0,0,0,0
2020-03-28,SLP,20,1,61,2,,0,2,0,0,0,0,0,0,0,0,0,0,0
2020-03-29,SLP,24,4,78,17,,0,2,0,0,0,0,0,0,0,0,0,0,0
2020-03-30,SLP,25,1,65,-13,,0,2,0,0,0,0,0,0,0,0,0,0,0
2020-03-31,SLP,25,0,83,18,,0,2,0,0,0,0,0,0,0,0,0,0,0
2020-04-01,SLP,31,6,74,-9,,0,2,0,0,0,0,0,0,0,0,0,0,0
2020-04-02,SLP,33,2,104,30,,0,2,0,0,0,0,0,0,0,0,0,0,0
2020-04-03,SLP,35,2,152,48,,0,2,0,0,0,0,0,0,0,0,0,0,0
2020-04-04,SLP,35,0,125,-27,364,0,2,0,0,0,0,0,0,0,0,0,0,0
2020-04-05,SLP,37,2,111,-14,407,43,2,0,0,0,0,0,0,0,0,0,0,0
2020-04-06,SLP,37,0,154,43,445,38,3,1,0,0,0,0,0,0,0,0,0,0
2020-04-07,SLP,41,4,187,33,464,19,3,0,0,0,0,0,0,0,0,0,0,0
2020-04-08,SLP,43,2,156,-31,562,98,4,1,0,0,0,0,0,0,0,0,0,0
2020-04-09,SLP,47,4,169,13,595,33,4,0,0,0,0,0,0,0,0,0,0,0
2020-04-10,SLP,48,1,165,-4,660,65,4,0,0,0,0,0,0,0,0,0,0,0
2020-04-11,SLP,51,3,159,-6,689,29,4,0,0,0,0,0,0,0,0,0,0,0
2020-04-12,SLP,53,2,145,-14,729,40,4,0,0,0,14,14,15,95,259,0,55,61
2020-04-13,SLP,55,2,101,-44,799,70,4,0,0,0,16,2,16,72,273,1,40,57
2020-04-14,SLP,55,0,115,14,842,43,4,0,0,0,17,1,12,109,257,1,77,43
2020-04-15,SLP,56,1,129,14,875,33,4,0,0,0,18,1,12,118,255,1,73,47
2020-04-16,SLP,56,0,106,-23,914,39,4,0,0,0,18,0,8,97,277,1,65,53
2020-04-17,SLP,58,2,108,2,925,11,4,0,0,0,18,0,7,97,288,1,65,59
2020-04-18,SLP,59,1,102,-6,949,24,4,0,0,0,18,0,6,88,282,1,57,66
2020-04-19,SLP,63,4,78,-24,985,36,4,0,0,0,18,0,9,63,280,3,43,66
2020-04-20,SLP,66,3,81,3,1003,18,4,0,2,2,18,0,10,65,253,3,39,48
2020-04-21,SLP,67,1,78,-3,1022,19,5,1,2,0,20,2,10,69,242,1,41,42
2020-04-22,SLP,68,1,63,-15,1097,75,5,0,1,-1,24,4,9,56,256,0,37,51
2020-04-23,SLP,73,5,47,-16,1128,31,6,1,0,-1,24,0,13,45,261,1,36,52
2020-04-24,SLP,73,0,63,16,1160,32,6,0,0,0,29,5,11,61,250,1,55,53
2020-04-25,SLP,76,3,65,2,1209,49,6,0,1,1,29,0,14,65,279,3,56,83
2020-04-26,SLP,79,3,42,-23,1260,51,6,0,2,1,29,0,16,41,303,5,35,103
2020-04-27,SLP,84,5,58,16,1292,32,6,0,2,0,30,1,18,56,292,5,46,89
2020-04-28,SLP,85,1,89,31,1334,42,7,1,2,0,33,3,14,86,293,3,63,78
2020-04-29,SLP,98,13,96,7,1382,48,7,0,0,-2,35,2,26,92,310,8,73,75
2020-04-30,SLP,108,10,120,24,1415,33,7,0,1,1,35,0,35,115,310,16,92,53
2020-05-01,SLP,120,12,106,-14,1479,64,8,1,1,0,35,0,46,104,350,24,79,80
2020-05-02,SLP,129,9,92,-14,1530,51,8,0,3,2,35,0,54,90,379,20,66,99
2020-05-03,SLP,145,16,60,-32,1579,49,8,0,1,-2,36,1,70,59,392,26,45,92
2020-05-04,SLP,155,10,81,21,1605,26,8,0,2,1,36,0,73,80,371,16,61,78
2020-05-05,SLP,165,10,107,26,1634,29,8,0,4,2,37,1,77,106,350,16,84,66
2020-05-06,SLP,185,20,99,-8,1694,60,9,1,5,1,40,3,95,96,355,27,72,86
2020-05-07,SLP,203,18,142,43,1734,40,10,1,4,-1,43,3,110,140,341,27,120,89
2020-05-08,SLP,227,24,149,7,1780,46,11,1,3,-1,43,0,128,147,350,32,126,94
2020-05-09,SLP,237,10,208,59,1810,30,12,1,0,-3,43,0,121,208,352,26,171,76
2020-05-10,SLP,265,28,161,-47,1901,91,12,0,0,0,43,0,139,161,398,32,138,108
2020-05-11,SLP,279,14,142,-19,1957,56,12,0,0,0,43,0,133,140,411,23,111,121
2020-05-12,SLP,313,34,173,31,2019,62,14,2,1,1,45,2,148,159,433,31,130,129
2020-05-13,SLP,343,30,176,3,2119,100,17,3,2,1,46,1,169,163,485,38,129,136
2020-05-14,SLP,368,25,255,79,2193,74,19,2,0,-2,48,2,177,214,528,31,169,153
2020-05-15,SLP,405,37,230,-25,2328,135,19,0,0,0,49,1,185,207,579,36,166,159
2020-05-16,SLP,430,25,235,5,2437,109,20,1,1,1,49,0,196,204,624,38,165,187
2020-05-17,SLP,458,28,183,-52,2533,96,22,2,1,0,50,1,202,159,668,35,109,181
2020-05-18,SLP,484,26,162,-21,2594,61,23,1,1,0,51,1,196,139,681,31,97,161
2020-05-19,SLP,498,14,169,7,2674,80,23,0,4,3,51,0,181,161,676,29,118,149
2020-05-21,SLP,563,65,208,39,2840,166,25,2,1,-3,54,3,194,195,695,40,130,169
2020-05-22,SLP,602,39,179,-29,2929,89,26,1,1,0,54,0,199,163,704,42,116,177
2020-05-23,SLP,646,44,175,-4,2993,64,26,0,1,0,55,1,218,156,699,53,123,183
2020-05-24,SLP,698,52,131,-44,3062,69,36,10,1,0,61,6,236,108,656,71,79,187
2020-05-25,SLP,699,1,165,34,3104,42,40,4,2,1,63,2,216,143,616,48,115,130
2020-05-26,SLP,742,43,209,44,3170,66,41,1,2,0,68,5,240,187,608,57,157,115
2020-05-27,SLP,794,52,245,36,3276,106,46,5,3,1,69,1,267,221,639,62,181,163
2020-05-28,SLP,823,29,310,65,3367,91,49,3,2,-1,71,2,261,283,656,62,229,195
2020-05-29,SLP,856,33,256,-54,3474,107,49,0,2,0,72,1,262,230,690,56,182,204
2020-05-30,SLP,888,32,257,1,3552,78,50,1,1,-1,73,1,274,233,716,54,159,214
2020-05-31,SLP,937,49,234,-23,3614,62,51,1,1,0,73,0,298,202,713,59,123,195
2020-06-01,SLP,963,26,253,19,3676,62,54,3,1,0,73,0,289,219,682,53,115,139
2020-06-02,SLP,989,26,337,84,3769,93,57,3,1,0,73,0,281,298,695,43,201,153
2020-06-03,SLP,1030,41,310,-27,3899,130,57,0,5,4,77,4,277,269,749,46,166,204
2020-06-04,SLP,1093,63,361,51,3975,76,60,3,5,0,77,0,306,319,752,59,219,183
2020-06-05,SLP,1131,38,391,30,4070,95,62,2,3,-2,81,4,301,346,757,59,244,162
2020-06-06,SLP,1198,67,418,27,4126,56,65,3,3,0,82,1,317,366,729,72,260,143
2020-06-07,SLP,1237,39,426,8,4207,81,65,0,5,2,82,0,316,347,725,68,242,143
2020-06-08,SLP,1308,71,398,-28,4248,41,69,4,5,0,85,3,347,314,621,72,191,98
2020-06-09,SLP,1384,76,410,12,4373,125,79,10,3,-2,88,3,382,373,642,75,246,99
2020-06-10,SLP,1432,48,553,143,4418,45,83,4,3,0,88,0,383,524,612,60,377,54
2020-06-11,SLP,1536,104,560,7,4459,41,84,1,3,0,89,1,457,534,586,91,408,49
2020-06-12,SLP,1584,48,646,86,4524,65,86,2,6,3,89,0,450,613,552,77,439,80
2020-06-13,SLP,1667,83,630,-16,4618,94,89,3,6,0,90,1,486,600,566,81,423,97
2020-06-14,SLP,1726,59,606,-24,4700,82,90,1,6,0,90,0,495,576,570,72,370,99
2020-06-15,SLP,1728,2,723,117,4724,24,91,1,8,2,90,0,424,654,494,31,372,71
2020-06-16,SLP,1859,131,753,30,4886,162,92,1,6,-2,93,3,500,651,561,43,374,77
2020-06-17,SLP,1942,83,691,-62,5143,257,98,6,8,2,95,2,495,586,731,44,372,132
2020-06-18,SLP,2044,102,716,25,5276,133,101,3,3,-5,99,4,528,626,759,63,417,136
2020-06-19,SLP,2084,40,826,110,5362,86,102,1,2,-1,101,2,483,722,783,52,451,143
2020-06-20,SLP,2186,102,823,-3,5476,114,101,-1,3,1,102,1,509,691,814,84,423,163
2020-06-21,SLP,2257,71,766,-57,5621,145,101,0,6,3,103,1,505,626,859,80,374,174
2020-06-22,SLP,2418,161,557,-209,5841,220,107,6,3,-3,106,3,579,428,959,108,243,182
2020-06-23,SLP,2483,65,547,-10,6057,216,114,7,2,-1,108,2,530,465,957,68,323,180
2020-06-24,SLP,2536,53,730,183,6108,51,118,4,3,1,109,1,519,644,877,68,473,149
2020-06-25,SLP,2538,2,966,236,6113,5,123,5,5,2,110,1,460,879,784,30,586,83
2020-06-26,SLP,2645,107,853,-113,6387,274,132,9,5,0,113,3,497,799,916,58,531,125
2020-06-27,SLP,2875,230,649,-204,6621,234,142,10,3,-2,113,0,643,588,1044,130,394,186
2020-06-28,SLP,3012,137,512,-137,6818,197,144,2,2,-1,116,3,697,451,1116,152,275,248
2020-06-29,SLP,3050,38,527,15,6898,80,148,4,4,2,120,4,645,457,1030,98,248,219
2020-06-30,SLP,3147,97,644,117,7010,112,154,6,2,-2,122,2,652,576,1003,83,348,187
2020-07-01,SLP,3249,102,714,70,7111,101,157,3,3,1,123,1,690,640,1011,70,435,159
2020-07-02,SLP,3359,110,745,31,7288,177,161,4,3,0,126,3,716,678,1018,87,496,160
2020-07-03,SLP,3441,82,880,135,7393,105,163,2,4,1,127,1,689,802,986,83,563,171
2020-07-04,SLP,3577,136,905,25,7586,193,172,9,5,1,127,0,717,817,1025,92,597,192
2020-07-05,SLP,3679,102,808,-97,7785,199,180,8,6,1,130,3,714,709,1111,98,447,250
2020-07-06,SLP,3831,152,668,-140,7963,178,187,7,9,3,131,1,731,566,1160,95,377,229
2020-07-07,SLP,3918,87,816,148,8102,139,207,20,11,2,133,2,722,703,1151,73,449,197
2020-07-08,SLP,4017,99,1087,271,8246,144,235,28,11,0,138,5,726,902,1150,80,532,165
2020-07-09,SLP,4092,75,1632,545,8360,114,240,5,11,0,140,2,701,1275,1125,69,772,128
2020-07-10,SLP,4210,118,2050,418,8523,163,247,7,14,3,142,2,699,1479,1162,65,880,153
2020-07-11,SLP,4426,216,2164,114,8693,170,260,13,14,0,145,3,794,1546,1180,95,939,142
2020-07-12,SLP,4535,109,2100,-64,8889,196,261,1,14,0,145,0,780,1463,1206,74,796,187
2020-07-13,SLP,4695,160,2183,83,9054,165,267,6,10,-4,148,3,826,1469,1183,72,674,134
2020-07-14,SLP,4816,121,2606,423,9207,153,277,10,13,3,150,2,799,1801,1140,58,818,114
2020-07-15,SLP,5044,228,2732,126,9371,164,285,8,11,-2,152,2,864,1877,1095,51,927,63
2020-07-16,SLP,5242,198,3000,268,9501,130,294,9,14,3,155,3,903,2023,1049,58,1042,58
2020-07-17,SLP,5443,201,3246,246,9680,179,301,7,17,3,156,1,901,2237,1006,48,1033,54
2020-07-18,SLP,5666,223,3322,76,9953,273,311,10,20,3,157,1,941,2366,1015,49,1097,60
2020-07-19,SLP,5842,176,3382,60,10096,143,317,6,21,1,158,1,922,2400,993,43,1062,44
2020-07-20,SLP,6101,259,3240,-142,10306,210,324,7,19,-2,158,0,977,2230,899,49,768,31
2020-07-21,SLP,6277,176,3624,384,10423,117,334,10,22,3,164,6,970,2492,825,27,865,26
2020-07-22,SLP,6515,238,3959,335,10552,129,341,7,28,6,166,2,951,2847,729,25,968,19
2020-07-23,SLP,6778,263,4305,346,10700,148,354,13,29,1,167,1,951,3168,682,8,1104,10
2020-07-24,SLP,7042,264,4553,248,10841,141,376,22,42,13,168,1,911,3287,605,19,1201,24
2020-07-25,SLP,7334,292,4728,175,10989,148,387,11,42,0,170,2,979,3383,617,24,1235,26
2020-07-26,SLP,7642,308,4681,-47,11155,166,401,14,40,-2,172,2,1047,3205,636,39,1072,44
2020-07-27,SLP,7980,338,4409,-272,11303,148,406,5,44,4,172,0,980,2847,584,19,769,18
2020-07-28,SLP,8349,369,4439,30,11437,134,420,14,43,-1,173,1,1055,2716,583,20,752,6
2020-07-29,SLP,8709,360,4356,-83,11590,153,429,9,39,-4,175,2,1032,2591,561,8,760,4
2020-07-30,SLP,9001,292,4393,37,11801,211,452,23,39,0,178,3,978,2641,564,13,838,8
2020-07-31,SLP,9363,362,4376,-17,11989,188,466,14,37,-2,180,2,963,2638,579,9,841,8
2020-08-01,SLP,9971,608,4105,-271,12261,272,525,59,34,-3,184,4,1219,2343,664,53,862,34
2020-08-02,SLP,10192,221,4070,-35,12408,147,532,7,29,-5,184,0,1133,2310,642,52,770,33
2020-08-03,SLP,10599,407,3573,-497,12680,272,547,15,28,-1,184,0,1175,1704,671,61,523,38
2020-08-04,SLP,10833,234,3695,122,12869,189,567,20,28,0,187,3,1131,1794,658,28,633,32
2020-08-05,SLP,11109,276,3769,74,13104,235,592,25,34,6,190,3,1117,1863,680,20,721,26
2020-08-06,SLP,11468,359,3798,29,13353,249,597,5,35,1,191,1,1219,1846,754,54,791,49
2020-08-07,SLP,11732,264,3983,185,13531,178,599,2,37,2,193,2,1137,1965,752,72,875,55
2020-08-08,SLP,11888,156,4211,228,13706,175,654,55,45,8,197,4,1036,2167,709,37,875,42
2020-08-09,SLP,12151,263,3928,-283,13992,286,675,21,44,-1,202,5,1074,1932,768,32,724,50
2020-08-10,SLP,12689,538,3391,-537,14275,283,694,19,40,-4,203,1,1189,1458,819,64,470,77
2020-08-11,SLP,12890,201,3522,131,14433,158,738,44,44,4,203,0,1047,1585,757,31,595,41
2020-08-12,SLP,13190,300,3389,-133,14831,398,790,52,43,-1,208,5,1070,1550,901,28,670,69
2020-08-13,SLP,13515,325,3319,-70,15218,387,802,12,36,-7,210,2,1102,1595,940,48,682,47
2020-08-14,SLP,13779,264,3309,-10,15525,307,823,21,34,-2,211,1,1110,1605,983,62,687,56
