Fecha,Estado,Positivos,Positivos_Delta,Sospechosos,Sospechosos_Delta,Negativos,Negativos_Delta,Defunciones_Positivos,Defunciones_Positivos_Delta,Defunciones_Sospechosos,Defunciones_Sospechosos_Delta,Defunciones_Negativos,Defunciones_Negativos_Delta,Positivos_Sintomas_14_Dias,Sospechosos_Sintomas_14_Dias,Negativos_Sintomas_14_Dias,Positivos_Sintomas_7_Dias,Sospechosos_Sintomas_7_Dias,Negativos_Sintomas_7_Dias
2020-02-27,QUE,0,0,,0,,0,0,0,0,0,0,0,0,0,0,0,0,0
2020-02-28,QUE,0,0,,0,,0,0,0,0,0,0,0,0,0,0,0,0,0
2020-02-29,QUE,0,0,,0,,0,0,0,0,0,0,0,0,0,0,0,0,0
2020-03-01,QUE,0,0,,0,,0,0,0,0,0,0,0,0,0,0,0,0,0
2020-03-02,QUE,0,0,,0,,0,0,0,0,0,0,0,0,0,0,0,0,0
2020-03-03,QUE,0,0,,0,,0,0,0,0,0,0,0,0,0,0,0,0,0
2020-03-04,QUE,0,0,,0,,0,0,0,0,0,0,0,0,0,0,0,0,0
2020-03-05,QUE,0,0,,0,,0,0,0,0,0,0,0,0,0,0,0,0,0
2020-03-06,QUE,0,0,,0,,0,0,0,0,0,0,0,0,0,0,0,0,0
2020-03-07,QUE,0,0,,0,,0,0,0,0,0,0,0,0,0,0,0,0,0
2020-03-08,QUE,0,0,,0,,0,0,0,0,0,0,0,0,0,0,0,0,0
2020-03-09,QUE,0,0,,0,,0,0,0,0,0,0,0,0,0,0,0,0,0
2020-03-10,QUE,0,0,,0,,0,0,0,0,0,0,0,0,0,0,0,0,0
2020-03-11,QUE,1,1,,0,,0,0,0,0,0,0,0,0,0,0,0,0,0
2020-03-12,QUE,2,1,,0,,0,0,0,0,0,0,0,0,0,0,0,0,0
2020-03-13,QUE,4,2,8,0,,0,0,0,0,0,0,0,0,0,0,0,0,0
2020-03-14,QUE,4,0,12,4,,0,0,0,0,0,0,0,0,0,0,0,0,0
2020-03-15,QUE,6,2,11,-1,,0,0,0,0,0,0,0,0,0,0,0,0,0
2020-03-16,QUE,7,1,10,-1,,0,0,0,0,0,0,0,0,0,0,0,0,0
2020-03-17,QUE,7,0,8,-2,,0,0,0,0,0,0,0,0,0,0,0,0,0
2020-03-18,QUE,7,0,5,-3,,0,0,0,0,0,0,0,0,0,0,0,0,0
2020-03-19,QUE,9,2,10,5,,0,0,0,0,0,0,0,0,0,0,0,0,0
2020-03-20,QUE,11,2,17,7,,0,0,0,0,0,0,0,0,0,0,0,0,0
2020-03-21,QUE,14,3,9,-8,,0,0,0,0,0,0,0,0,0,0,0,0,0
2020-03-22,QUE,14,0,16,7,,0,0,0,0,0,0,0,0,0,0,0,0,0
2020-03-23,QUE,16,2,25,9,,0,0,0,0,0,0,0,0,0,0,0,0,0
2020-03-24,QUE,16,0,31,6,,0,0,0,0,0,0,0,0,0,0,0,0,0
2020-03-25,QUE,18,2,41,10,,0,0,0,0,0,0,0,0,0,0,0,0,0
2020-03-26,QUE,21,3,46,5,,0,0,0,0,0,0,0,0,0,0,0,0,0
2020-03-27,QUE,23,2,54,8,,0,0,0,0,0,0,0,0,0,0,0,0,0
2020-03-28,QUE,25,2,56,2,,0,0,0,0,0,0,0,0,0,0,0,0,0
2020-03-29,QUE,26,1,47,-9,,0,0,0,0,0,0,0,0,0,0,0,0,0
2020-03-30,QUE,27,1,43,-4,,0,1,1,0,0,0,0,0,0,0,0,0,0
2020-03-31,QUE,29,2,61,18,,0,1,0,0,0,0,0,0,0,0,0,0,0
2020-04-01,QUE,29,0,67,6,,0,1,0,0,0,0,0,0,0,0,0,0,0
2020-04-02,QUE,32,3,67,0,,0,1,0,0,0,0,0,0,0,0,0,0,0
2020-04-03,QUE,35,3,52,-15,,0,2,1,0,0,0,0,0,0,0,0,0,0
2020-04-04,QUE,36,1,59,7,226,0,2,0,0,0,0,0,0,0,0,0,0,0
2020-04-05,QUE,38,2,37,-22,247,21,2,0,0,0,0,0,0,0,0,0,0,0
2020-04-06,QUE,40,2,48,11,281,34,2,0,0,0,0,0,0,0,0,0,0,0
2020-04-07,QUE,45,5,58,10,307,26,2,0,0,0,0,0,0,0,0,0,0,0
2020-04-08,QUE,47,2,68,10,335,28,2,0,0,0,0,0,0,0,0,0,0,0
2020-04-09,QUE,50,3,73,5,351,16,2,0,0,0,0,0,0,0,0,0,0,0
2020-04-10,QUE,55,5,61,-12,384,33,3,1,0,0,0,0,0,0,0,0,0,0
2020-04-11,QUE,57,2,67,6,389,5,3,0,0,0,0,0,0,0,0,0,0,0
2020-04-12,QUE,61,4,51,-16,407,18,3,0,1,1,1,1,20,37,121,5,23,24
2020-04-13,QUE,61,0,77,26,410,3,3,0,1,0,2,1,19,63,96,3,34,15
2020-04-14,QUE,65,4,68,-9,439,29,4,1,0,-1,6,4,22,53,104,2,34,22
2020-04-15,QUE,69,4,82,14,448,9,5,1,0,0,6,0,22,63,99,5,41,20
2020-04-16,QUE,76,7,78,-4,465,17,5,0,0,0,6,0,27,62,102,11,36,22
2020-04-17,QUE,78,2,89,11,450,-15,6,1,0,0,7,1,25,73,96,10,41,21
2020-04-18,QUE,79,1,81,-8,462,12,6,0,0,0,7,0,24,66,97,9,30,29
2020-04-19,QUE,81,2,70,-11,478,16,6,0,0,0,7,0,24,56,102,5,21,25
2020-04-20,QUE,85,4,65,-5,483,5,6,0,0,0,8,1,25,52,88,6,20,19
2020-04-21,QUE,88,3,39,-26,504,21,6,0,0,0,8,0,25,31,95,6,9,23
2020-04-22,QUE,91,3,35,-4,527,23,7,1,0,0,11,3,26,30,100,2,13,22
2020-04-23,QUE,94,3,24,-11,541,14,7,0,0,0,13,2,28,20,101,4,9,22
2020-04-24,QUE,104,10,29,5,548,7,7,0,0,0,13,0,33,22,93,8,14,21
2020-04-25,QUE,110,6,23,-6,564,16,7,0,0,0,14,1,34,17,101,7,9,20
2020-04-26,QUE,112,2,27,4,567,3,9,2,0,0,16,2,30,22,87,7,14,15
2020-04-27,QUE,123,11,29,2,574,7,10,1,1,1,16,0,39,26,81,8,18,12
2020-04-28,QUE,125,2,51,22,594,20,12,2,0,-1,17,1,37,50,89,5,33,18
2020-04-29,QUE,130,5,59,8,624,30,12,0,0,0,17,0,35,55,103,4,44,22
2020-04-30,QUE,136,6,71,12,632,8,13,1,0,0,17,0,39,69,97,7,57,19
2020-05-01,QUE,150,14,35,-36,667,35,13,0,0,0,17,0,47,34,125,16,24,46
2020-05-02,QUE,158,8,51,16,672,5,15,2,0,0,17,0,48,47,116,17,33,34
2020-05-03,QUE,165,7,52,1,686,14,16,1,0,0,17,0,52,48,118,13,35,33
2020-05-04,QUE,177,12,46,-6,699,13,17,1,0,0,17,0,59,42,114,16,29,23
2020-05-05,QUE,177,0,59,13,711,12,19,2,0,0,19,2,54,55,115,11,43,23
2020-05-06,QUE,189,12,65,6,722,11,19,0,0,0,21,2,56,61,116,13,50,19
2020-05-07,QUE,205,16,62,-3,732,10,20,1,1,1,22,1,69,60,110,22,45,20
2020-05-08,QUE,220,15,58,-4,744,12,21,1,1,0,22,0,80,55,113,24,41,17
2020-05-09,QUE,230,10,70,12,768,24,21,0,1,0,23,1,83,68,121,27,57,27
2020-05-10,QUE,248,18,68,-2,797,29,22,1,1,0,23,0,87,68,118,31,57,27
2020-05-11,QUE,270,22,89,21,808,11,25,3,1,0,24,1,102,82,109,44,70,28
2020-05-12,QUE,291,21,103,14,831,23,26,1,1,0,25,1,118,100,121,42,82,41
2020-05-13,QUE,332,41,97,-6,847,16,27,1,1,0,27,2,152,92,123,69,80,43
2020-05-14,QUE,359,27,145,48,866,19,30,3,3,2,29,2,169,138,131,65,121,46
2020-05-15,QUE,379,20,199,54,889,23,31,1,3,0,31,2,175,186,138,55,161,47
2020-05-16,QUE,421,42,206,7,921,32,35,4,3,0,33,2,202,201,159,57,171,67
2020-05-17,QUE,442,21,204,-2,948,27,43,8,3,0,34,1,210,198,175,51,146,64
2020-05-18,QUE,480,38,209,5,992,44,45,2,4,1,34,0,229,202,208,43,148,59
2020-05-19,QUE,537,57,221,12,1057,65,52,7,3,-1,36,2,260,215,258,43,181,67
2020-05-21,QUE,632,95,248,27,1151,94,61,9,3,0,38,2,297,240,318,76,197,98
2020-05-22,QUE,675,43,253,5,1207,56,69,8,3,0,40,2,305,244,351,75,183,106
2020-05-23,QUE,712,37,220,-33,1248,41,69,0,3,0,41,1,317,207,375,65,130,113
2020-05-24,QUE,732,20,220,0,1271,23,75,6,4,1,41,0,295,206,357,65,113,109
2020-05-25,QUE,755,23,199,-21,1307,36,78,3,4,0,44,3,273,183,347,67,70,92
2020-05-26,QUE,788,33,199,0,1372,65,84,6,6,2,46,2,269,178,366,50,115,59
2020-05-27,QUE,835,47,241,42,1404,32,89,5,7,1,47,1,282,222,370,49,142,56
2020-05-28,QUE,867,32,289,48,1444,40,95,6,7,0,48,1,284,261,373,52,167,77
2020-05-29,QUE,889,22,298,9,1489,45,100,5,6,-1,51,3,259,262,357,48,155,80
2020-05-30,QUE,937,48,263,-35,1549,60,104,4,5,-1,53,2,246,229,376,46,124,101
2020-05-31,QUE,982,45,209,-54,1593,44,105,1,6,1,54,1,265,170,384,47,83,107
2020-06-01,QUE,998,16,230,21,1610,17,108,3,6,0,56,2,251,175,341,30,85,80
2020-06-02,QUE,1026,28,253,23,1632,22,114,6,6,0,58,2,242,188,305,31,107,46
2020-06-03,QUE,1084,58,224,-29,1673,41,124,10,4,-2,62,4,248,164,298,44,100,50
2020-06-04,QUE,1123,39,253,29,1695,22,127,3,3,-1,62,0,242,195,304,47,131,47
2020-06-05,QUE,1181,58,217,-36,1728,33,139,12,4,1,64,2,258,160,289,56,115,54
2020-06-06,QUE,1232,51,186,-31,1764,36,145,6,4,0,68,4,275,125,289,65,90,64
2020-06-07,QUE,1253,21,212,26,1774,10,148,3,4,0,68,0,261,148,267,64,99,50
2020-06-08,QUE,1293,40,204,-8,1801,27,158,10,5,1,72,4,252,138,243,51,81,39
2020-06-09,QUE,1330,37,224,20,1824,23,168,10,5,0,74,2,261,150,211,42,92,38
2020-06-10,QUE,1385,55,216,-8,1856,32,170,2,5,0,76,2,288,150,212,43,111,39
2020-06-11,QUE,1425,40,211,-5,1884,28,174,4,5,0,78,2,301,138,212,66,87,46
2020-06-12,QUE,1456,31,214,3,1923,39,182,8,4,-1,81,3,291,142,230,60,99,51
2020-06-13,QUE,1485,29,227,13,1939,16,188,6,4,0,82,1,280,152,224,57,102,44
2020-06-14,QUE,1541,56,169,-58,1987,48,195,7,5,1,85,3,306,94,245,66,66,64
2020-06-15,QUE,1573,32,160,-9,2007,20,203,8,6,1,86,1,276,88,221,61,66,50
2020-06-16,QUE,1622,49,199,39,2027,20,212,9,5,-1,88,2,260,120,215,60,87,56
2020-06-17,QUE,1662,40,189,-10,2055,28,215,3,5,0,89,1,263,113,219,69,80,56
2020-06-18,QUE,1702,40,198,9,2081,26,221,6,7,2,92,3,284,117,222,71,90,57
2020-06-19,QUE,1734,32,224,26,2101,20,223,2,6,-1,92,0,277,143,216,70,110,56
2020-06-20,QUE,1783,49,223,-1,2127,26,225,2,6,0,92,0,282,142,209,66,102,57
2020-06-21,QUE,1805,22,188,-35,2171,44,227,2,6,0,92,0,272,105,230,53,65,76
2020-06-22,QUE,1836,31,190,2,2200,29,238,11,6,0,93,1,268,101,227,44,69,67
2020-06-23,QUE,1858,22,200,10,2247,47,250,12,6,0,97,4,256,133,230,39,102,56
2020-06-24,QUE,1898,40,196,-4,2278,31,254,4,6,0,98,1,266,125,235,57,89,53
2020-06-25,QUE,1925,27,193,-3,2326,48,257,3,6,0,98,0,254,124,262,58,85,72
2020-06-26,QUE,1968,43,187,-6,2370,44,260,3,6,0,98,0,253,118,283,48,90,76
2020-06-27,QUE,1965,-3,174,-13,2335,-35,266,6,6,0,104,6,238,108,287,44,71,84
2020-06-28,QUE,1995,30,167,-7,2353,18,270,4,7,1,105,1,231,96,283,44,58,71
2020-06-29,QUE,2044,49,153,-14,2378,25,278,8,6,-1,106,1,238,87,265,45,57,60
2020-06-30,QUE,2074,30,199,46,2400,22,283,5,3,-3,107,1,240,133,255,44,102,52
2020-07-01,QUE,2125,51,191,-8,2446,46,293,10,4,1,110,3,263,124,265,54,90,75
2020-07-02,QUE,2168,43,235,44,2470,24,296,3,5,1,111,1,269,167,266,58,129,74
2020-07-03,QUE,2200,32,237,2,2517,47,312,16,3,-2,113,2,257,159,282,63,111,87
2020-07-04,QUE,2253,53,192,-45,2563,46,323,11,3,0,115,2,263,116,300,61,78,79
2020-07-05,QUE,2290,37,156,-36,2599,36,325,2,3,0,115,0,264,78,303,63,47,74
2020-07-06,QUE,2337,47,158,2,2618,19,332,7,3,0,118,3,269,91,289,50,71,62
2020-07-07,QUE,2381,44,189,31,2630,12,341,9,3,0,120,2,277,123,273,56,101,43
2020-07-08,QUE,2408,27,179,-10,2666,36,349,8,3,0,120,0,283,121,289,60,97,51
2020-07-09,QUE,2461,53,196,17,2699,33,359,10,4,1,122,2,290,146,293,67,118,61
2020-07-10,QUE,2530,69,198,2,2745,46,366,7,3,-1,124,2,312,133,302,77,103,70
2020-07-11,QUE,2598,68,161,-37,2780,35,369,3,3,0,125,1,319,113,291,78,98,77
2020-07-12,QUE,2621,23,169,8,2799,19,371,2,3,0,125,0,306,117,273,62,87,64
2020-07-13,QUE,2670,49,167,-2,2832,33,375,4,4,1,126,1,316,104,277,70,75,67
2020-07-14,QUE,2731,61,188,21,2853,21,385,10,3,-1,130,4,320,136,261,53,104,50
2020-07-15,QUE,2798,67,182,-6,2881,28,389,4,3,0,130,0,335,118,257,84,86,51
2020-07-16,QUE,2870,72,145,-37,2886,5,390,1,3,0,132,2,356,94,270,79,82,70
2020-07-17,QUE,2919,49,207,62,2920,34,398,8,5,2,133,1,343,142,271,51,108,63
2020-07-18,QUE,2998,79,181,-26,2980,60,403,5,4,-1,134,1,363,129,306,59,111,96
2020-07-19,QUE,3035,37,190,9,3006,26,403,0,4,0,134,0,338,135,296,65,95,90
2020-07-20,QUE,3100,65,124,-66,3046,40,409,6,3,-1,135,1,365,64,303,83,35,75
2020-07-21,QUE,3153,53,191,67,3061,15,419,10,3,0,137,2,337,138,285,72,98,58
2020-07-22,QUE,3235,82,188,-3,3099,38,430,11,3,0,142,5,369,132,295,78,94,66
2020-07-23,QUE,3306,71,184,-4,3149,50,440,10,3,0,146,4,384,120,326,73,82,89
2020-07-24,QUE,3379,73,178,-6,3191,42,448,8,3,0,147,1,373,119,326,73,88,79
2020-07-25,QUE,3426,47,194,16,3227,36,451,3,3,0,148,1,370,132,339,68,95,84
2020-07-26,QUE,3471,45,175,-19,3281,54,452,1,3,0,149,1,376,106,358,70,79,93
2020-07-27,QUE,3526,55,122,-53,3312,31,456,4,4,1,149,0,368,61,334,57,39,73
2020-07-28,QUE,3568,42,188,66,3325,13,464,8,3,-1,153,4,353,124,315,51,88,54
2020-07-29,QUE,3617,49,188,0,3354,29,463,-1,4,1,153,0,346,118,312,55,82,55
2020-07-30,QUE,3729,112,176,-12,3395,41,472,9,0,-4,156,3,360,126,318,79,81,69
2020-07-31,QUE,3769,40,238,62,3439,44,477,5,0,0,156,0,356,158,313,83,94,85
2020-08-01,QUE,3896,127,166,-72,3491,52,490,13,0,0,158,2,384,108,329,93,69,90
2020-08-02,QUE,3930,34,190,24,3507,16,496,6,0,0,158,0,372,130,308,79,72,70
2020-08-03,QUE,3969,39,167,-23,3539,32,505,9,0,0,159,1,343,103,289,73,45,56
2020-08-04,QUE,4062,93,214,47,3562,23,513,8,0,0,159,0,353,164,276,64,108,47
2020-08-05,QUE,4132,70,233,19,3602,40,517,4,1,1,160,1,378,147,287,69,88,54
2020-08-06,QUE,4195,63,237,4,3653,51,526,9,0,-1,164,4,396,132,311,68,89,69
2020-08-07,QUE,4342,147,218,-19,3683,30,535,9,0,0,165,1,432,136,314,90,94,64
2020-08-08,QUE,4487,145,170,-48,3718,35,541,6,0,0,165,0,468,108,310,105,69,66
2020-08-09,QUE,4526,39,140,-30,3750,32,545,4,0,0,165,0,439,72,306,97,39,64
2020-08-10,QUE,4555,29,147,7,3780,30,552,7,0,0,168,3,403,97,273,60,59,47
2020-08-11,QUE,4668,113,142,-5,3810,30,567,15,0,0,172,4,425,110,268,84,85,44
2020-08-12,QUE,4750,82,170,28,3850,40,578,11,2,2,174,2,428,136,271,85,94,59
2020-08-13,QUE,4866,116,160,-10,3903,53,581,3,0,-2,177,3,467,127,293,117,91,77
2020-08-14,QUE,4910,44,193,33,3961,58,584,3,0,0,178,1,455,133,319,102,92,99
2020-08-15,QUE,5006,96,182,-11,4022,61,591,7,0,0,178,0,464,132,346,84,97,111
2020-08-16,QUE,5071,65,151,-31,4071,49,599,8,0,0,179,1,474,98,366,84,66,114
2020-08-17,QUE,5122,51,129,-22,4100,29,608,9,0,0,179,0,448,66,357,67,38,87
2020-08-18,QUE,5270,148,236,107,4113,13,613,5,1,1,179,0,474,154,340,78,124,63
2020-08-19,QUE,5377,107,203,-33,4097,-16,620,7,0,-1,180,1,513,128,355,114,79,73
2020-08-20,QUE,5499,122,216,13,4144,47,627,7,1,1,180,0,549,149,361,119,110,76
2020-08-21,QUE,5631,132,197,-19,4184,40,646,19,2,1,180,0,548,156,367,106,114,86
2020-08-22,QUE,5769,138,154,-43,4263,79,653,7,1,-1,185,5,581,124,402,121,108,98
2020-08-23,QUE,5818,49,140,-14,4298,35,655,2,1,0,185,0,553,111,396,101,94,85
2020-08-24,QUE,5875,57,79,-61,4347,49,668,13,1,0,186,1,504,48,384,94,39,85
2020-08-25,QUE,5952,77,138,59,4375,28,675,7,1,0,189,3,514,106,370,87,84,69
2020-08-26,QUE,6076,124,179,41,4410,35,682,7,2,1,190,1,544,148,371,108,106,69
2020-08-27,QUE,6211,135,243,64,4477,67,695,13,2,0,190,0,589,207,391,108,126,85
2020-08-28,QUE,6354,143,219,-24,4571,94,702,7,0,-2,191,1,629,172,447,139,110,122
2020-08-29,QUE,6439,85,239,20,4644,73,712,10,0,0,191,0,611,161,472,125,103,138
2020-08-30,QUE,6491,52,236,-3,4679,35,719,7,0,0,191,0,586,152,453,133,79,131
2020-08-31,QUE,6548,57,224,-12,4711,32,721,2,0,0,191,0,564,133,442,105,69,98
2020-09-01,QUE,6712,164,236,12,4754,43,739,18,0,0,192,1,581,190,438,112,137,79
2020-09-02,QUE,6840,128,255,19,4831,77,754,15,0,0,196,4,629,210,475,131,156,119
2020-09-03,QUE,7022,182,177,-78,4917,86,765,11,0,0,196,0,672,147,493,176,108,138
2020-09-04,QUE,7120,98,204,27,4977,60,774,9,0,0,199,3,695,159,513,173,112,135
2020-09-05,QUE,7250,130,192,-12,5051,74,781,7,0,0,199,0,703,160,535,158,115,147
2020-09-06,QUE,7323,73,176,-16,5094,43,792,11,1,1,199,0,717,140,535,128,98,117
2020-09-07,QUE,7387,64,125,-51,5141,47,795,3,0,-1,199,0,686,89,509,92,54,97
2020-09-08,QUE,7462,75,172,47,5191,50,810,15,0,0,199,0,650,142,489,67,99,85
2020-09-09,QUE,7529,67,224,52,5239,48,813,3,0,0,200,1,660,163,521,77,101,106
2020-09-10,QUE,7588,59,297,73,5294,55,834,21,0,0,200,0,629,193,515,87,137,102
2020-09-11,QUE,7712,124,241,-56,5345,51,856,22,0,0,200,0,619,146,508,104,97,108
2020-09-12,QUE,7861,149,178,-63,5416,71,871,15,0,0,203,3,608,129,526,98,88,128
2020-09-13,QUE,7905,44,167,-11,5465,49,875,4,1,1,203,0,556,115,502,91,79,117
2020-09-14,QUE,7958,53,135,-32,5516,51,882,7,0,-1,203,0,511,77,477,67,53,105
2020-09-15,QUE,8020,62,192,57,5565,49,891,9,0,0,203,0,474,128,459,78,77,96
2020-09-16,QUE,8167,147,122,-70,5619,54,907,16,0,0,203,0,495,81,466,80,56,93
2020-09-17,QUE,8205,38,113,-9,5645,26,909,2,0,0,203,0,481,72,440,60,51,66
2020-09-18,QUE,8281,76,198,85,5668,23,912,3,0,0,203,0,471,143,409,76,89,58
2020-09-19,QUE,8396,115,163,-35,5749,81,917,5,0,0,204,1,473,119,443,74,88,90
2020-09-20,QUE,8438,42,158,-5,5795,46,920,3,1,1,204,0,450,109,430,79,84,97
