Fecha,Estado,Positivos,Positivos_Delta,Sospechosos,Sospechosos_Delta,Negativos,Negativos_Delta,Defunciones_Positivos,Defunciones_Positivos_Delta,Defunciones_Sospechosos,Defunciones_Sospechosos_Delta,Defunciones_Negativos,Defunciones_Negativos_Delta,Positivos_Sintomas_14_Dias,Sospechosos_Sintomas_14_Dias,Negativos_Sintomas_14_Dias,Positivos_Sintomas_7_Dias,Sospechosos_Sintomas_7_Dias,Negativos_Sintomas_7_Dias
2020-02-27,TAM,0,0,,0,,0,0,0,0,0,0,0,0,0,0,0,0,0
2020-02-28,TAM,0,0,,0,,0,0,0,0,0,0,0,0,0,0,0,0,0
2020-02-29,TAM,0,0,,0,,0,0,0,0,0,0,0,0,0,0,0,0,0
2020-03-01,TAM,0,0,,0,,0,0,0,0,0,0,0,0,0,0,0,0,0
2020-03-02,TAM,0,0,,0,,0,0,0,0,0,0,0,0,0,0,0,0,0
2020-03-03,TAM,0,0,,0,,0,0,0,0,0,0,0,0,0,0,0,0,0
2020-03-04,TAM,0,0,,0,,0,0,0,0,0,0,0,0,0,0,0,0,0
2020-03-05,TAM,0,0,,0,,0,0,0,0,0,0,0,0,0,0,0,0,0
2020-03-06,TAM,0,0,,0,,0,0,0,0,0,0,0,0,0,0,0,0,0
2020-03-07,TAM,0,0,,0,,0,0,0,0,0,0,0,0,0,0,0,0,0
2020-03-08,TAM,0,0,,0,,0,0,0,0,0,0,0,0,0,0,0,0,0
2020-03-09,TAM,0,0,,0,,0,0,0,0,0,0,0,0,0,0,0,0,0
2020-03-10,TAM,0,0,,0,,0,0,0,0,0,0,0,0,0,0,0,0,0
2020-03-11,TAM,0,0,,0,,0,0,0,0,0,0,0,0,0,0,0,0,0
2020-03-12,TAM,0,0,,0,,0,0,0,0,0,0,0,0,0,0,0,0,0
2020-03-13,TAM,0,0,,0,,0,0,0,0,0,0,0,0,0,0,0,0,0
2020-03-14,TAM,0,0,3,0,,0,0,0,0,0,0,0,0,0,0,0,0,0
2020-03-15,TAM,0,0,,0,,0,0,0,0,0,0,0,0,0,0,0,0,0
2020-03-16,TAM,0,0,1,0,,0,0,0,0,0,0,0,0,0,0,0,0,0
2020-03-17,TAM,1,1,2,1,,0,0,0,0,0,0,0,0,0,0,0,0,0
2020-03-18,TAM,2,1,2,0,,0,0,0,0,0,0,0,0,0,0,0,0,0
2020-03-19,TAM,2,0,5,3,,0,0,0,0,0,0,0,0,0,0,0,0,0
2020-03-20,TAM,2,0,8,3,,0,0,0,0,0,0,0,0,0,0,0,0,0
2020-03-21,TAM,3,1,3,-5,,0,0,0,0,0,0,0,0,0,0,0,0,0
2020-03-22,TAM,4,1,4,1,,0,0,0,0,0,0,0,0,0,0,0,0,0
2020-03-23,TAM,5,1,3,-1,,0,0,0,0,0,0,0,0,0,0,0,0,0
2020-03-24,TAM,5,0,9,6,,0,0,0,0,0,0,0,0,0,0,0,0,0
2020-03-25,TAM,6,1,13,4,,0,0,0,0,0,0,0,0,0,0,0,0,0
2020-03-26,TAM,6,0,17,4,,0,0,0,0,0,0,0,0,0,0,0,0,0
2020-03-27,TAM,6,0,23,6,,0,0,0,0,0,0,0,0,0,0,0,0,0
2020-03-28,TAM,6,0,33,10,,0,0,0,0,0,0,0,0,0,0,0,0,0
2020-03-29,TAM,7,1,29,-4,,0,0,0,0,0,0,0,0,0,0,0,0,0
2020-03-30,TAM,8,1,32,3,,0,0,0,0,0,0,0,0,0,0,0,0,0
2020-03-31,TAM,8,0,54,22,,0,0,0,0,0,0,0,0,0,0,0,0,0
2020-04-01,TAM,9,1,61,7,,0,0,0,0,0,0,0,0,0,0,0,0,0
2020-04-02,TAM,13,4,70,9,,0,0,0,0,0,0,0,0,0,0,0,0,0
2020-04-03,TAM,16,3,80,10,,0,0,0,0,0,0,0,0,0,0,0,0,0
2020-04-04,TAM,20,4,83,3,125,0,1,1,0,0,0,0,0,0,0,0,0,0
2020-04-05,TAM,26,6,67,-16,156,31,1,0,0,0,0,0,0,0,0,0,0,0
2020-04-06,TAM,31,5,82,15,169,13,1,0,0,0,0,0,0,0,0,0,0,0
2020-04-07,TAM,32,1,111,29,243,74,3,2,0,0,0,0,0,0,0,0,0,0
2020-04-08,TAM,43,11,102,-9,267,24,3,0,0,0,0,0,0,0,0,0,0,0
2020-04-09,TAM,46,3,126,24,296,29,3,0,0,0,0,0,0,0,0,0,0,0
2020-04-10,TAM,48,2,122,-4,328,32,3,0,0,0,0,0,0,0,0,0,0,0
2020-04-11,TAM,49,1,142,20,355,27,3,0,0,0,0,0,0,0,0,0,0,0
2020-04-12,TAM,53,4,125,-17,396,41,3,0,2,2,12,12,30,88,193,0,49,61
2020-04-13,TAM,53,0,134,9,426,30,3,0,2,0,15,3,23,96,199,2,59,63
2020-04-14,TAM,55,2,178,44,451,25,3,0,4,2,15,0,21,137,202,3,80,68
2020-04-15,TAM,60,5,216,38,498,47,4,1,7,3,15,0,22,163,223,6,97,101
2020-04-16,TAM,78,18,227,11,592,94,4,0,6,-1,17,2,35,174,291,14,123,152
2020-04-17,TAM,91,13,243,16,628,36,5,1,5,-1,18,1,43,210,316,21,158,157
2020-04-18,TAM,117,26,225,-18,711,83,5,0,4,-1,20,2,62,191,378,41,133,224
2020-04-19,TAM,127,10,140,-85,815,104,5,0,4,0,20,0,71,106,452,44,54,281
2020-04-20,TAM,134,7,175,35,840,25,5,0,4,0,20,0,76,146,447,36,86,226
2020-04-21,TAM,145,11,157,-18,914,74,7,2,3,-1,20,0,83,133,489,35,75,243
2020-04-22,TAM,166,21,148,-9,1031,117,8,1,0,-3,26,6,102,128,546,43,73,229
2020-04-23,TAM,191,25,159,11,1122,91,9,1,0,0,28,2,121,145,608,44,85,221
2020-04-24,TAM,205,14,193,34,1218,96,10,1,0,0,29,1,130,175,655,38,113,242
2020-04-25,TAM,217,12,249,56,1248,30,11,1,2,2,30,1,134,229,663,33,156,196
2020-04-26,TAM,262,45,157,-92,1426,178,11,0,1,-1,32,2,166,133,808,64,73,306
2020-04-27,TAM,288,26,207,50,1482,56,12,1,1,0,34,2,171,176,769,72,120,268
2020-04-28,TAM,296,8,269,62,1559,77,15,3,3,2,35,1,166,227,782,66,160,276
2020-04-29,TAM,309,13,258,-11,1712,153,18,3,1,-2,38,3,170,227,837,65,167,355
2020-04-30,TAM,316,7,348,90,1789,77,18,0,2,1,38,0,159,311,837,46,242,347
2020-05-01,TAM,340,24,327,-21,1924,135,20,2,0,-2,40,2,163,301,901,57,238,402
2020-05-02,TAM,364,24,355,28,1986,62,21,1,0,0,40,0,161,323,885,45,236,400
2020-05-03,TAM,381,17,262,-93,2110,124,22,1,1,1,40,0,169,234,959,37,145,432
2020-05-04,TAM,389,8,319,57,2145,35,23,1,1,0,42,2,154,284,900,22,168,324
2020-05-05,TAM,397,8,373,54,2204,59,26,3,2,1,43,1,142,331,886,15,195,265
2020-05-06,TAM,416,19,481,108,2214,10,27,1,1,-1,46,3,149,433,838,16,272,186
2020-05-07,TAM,440,24,489,8,2333,119,28,1,1,0,46,0,145,442,866,27,260,187
2020-05-08,TAM,441,1,564,75,2325,-8,31,3,2,1,46,0,135,516,823,15,301,160
2020-05-09,TAM,710,269,446,-118,2448,123,37,6,2,0,47,1,215,413,863,45,227,208
2020-05-10,TAM,738,28,265,-181,2665,217,38,1,1,-1,48,1,212,233,985,49,97,295
2020-05-11,TAM,757,19,259,-6,2719,54,46,8,2,1,47,-1,191,221,874,44,108,232
2020-05-12,TAM,789,32,292,33,2836,117,48,2,2,0,48,1,186,258,847,38,155,232
2020-05-13,TAM,801,12,383,91,2914,78,50,2,3,1,49,1,172,348,817,29,231,215
2020-05-14,TAM,865,64,506,123,2954,40,52,2,3,0,49,0,216,468,730,39,353,190
2020-05-15,TAM,891,26,572,66,3144,190,55,3,2,-1,48,-1,203,524,826,45,419,308
2020-05-16,TAM,920,29,664,92,3271,127,59,4,2,0,49,1,206,616,885,50,496,385
2020-05-17,TAM,941,21,589,-75,3429,158,59,0,2,0,49,0,211,533,969,50,370,474
2020-05-18,TAM,994,53,552,-37,3536,107,59,0,3,1,49,0,215,483,975,62,299,481
2020-05-19,TAM,1064,70,691,139,3720,184,69,10,7,4,50,1,246,608,1072,66,470,508
2020-05-21,TAM,1114,50,984,293,4022,302,76,7,6,-1,56,6,240,891,1210,57,692,378
2020-05-22,TAM,1135,21,1116,132,4147,125,80,4,5,-1,60,4,240,1017,1259,36,750,320
2020-05-23,TAM,1195,60,1129,13,4319,172,82,2,6,1,61,1,269,1021,1380,43,733,432
2020-05-24,TAM,1224,29,1299,170,4329,10,83,1,6,0,64,3,265,1177,1286,47,857,400
2020-05-25,TAM,1302,78,1507,208,4347,18,86,3,9,3,65,1,303,1375,1188,49,1003,274
2020-05-26,TAM,1313,11,1700,193,4463,116,89,3,10,1,69,4,279,1523,1204,33,1030,161
2020-05-27,TAM,1373,60,1511,-189,4904,441,95,6,13,3,75,6,302,1315,1441,43,768,408
2020-05-28,TAM,1454,81,1548,37,5120,216,97,2,14,1,76,1,327,1330,1400,61,810,456
2020-05-29,TAM,1517,63,1611,63,5308,188,102,5,16,2,80,4,324,1387,1351,73,819,415
2020-05-30,TAM,1567,50,1711,100,5375,67,107,5,13,-3,84,4,333,1468,1334,81,818,358
2020-05-31,TAM,1569,2,1958,247,5379,4,108,1,14,1,84,0,305,1674,1285,59,955,269
2020-06-01,TAM,1660,91,2151,193,5440,61,109,1,15,1,84,0,325,1808,1153,56,1072,139
2020-06-02,TAM,1748,88,2372,221,5538,98,116,7,14,-1,86,2,341,1951,981,59,1257,38
2020-06-03,TAM,1811,63,2382,10,5872,334,126,10,15,1,88,2,334,1937,1082,37,1286,107
2020-06-04,TAM,1869,58,2432,50,6135,263,129,3,14,-1,93,5,325,2001,1174,23,1451,53
2020-06-05,TAM,1974,105,2336,-96,6456,321,140,11,13,-1,105,12,366,1878,1252,45,1320,193
2020-06-06,TAM,2103,129,2106,-230,6817,361,148,8,12,-1,105,0,408,1659,1414,42,1236,249
2020-06-07,TAM,2204,101,1727,-379,7250,433,156,8,11,-1,106,1,441,1284,1682,65,894,430
2020-06-08,TAM,2331,127,1461,-266,7648,398,158,2,11,0,109,3,448,1033,1825,69,716,476
2020-06-09,TAM,2428,97,1501,40,7904,256,166,8,10,-1,110,1,462,1090,1844,67,775,425
2020-06-10,TAM,2540,112,1608,107,8111,207,174,8,11,1,111,1,471,1195,1819,70,883,356
2020-06-11,TAM,2615,75,1853,245,8216,105,180,6,11,0,116,5,465,1427,1740,68,1071,255
2020-06-12,TAM,2846,231,1868,15,8467,251,188,8,10,-1,119,3,576,1452,1811,119,1144,259
2020-06-13,TAM,3003,157,1950,82,8717,250,199,11,12,2,120,1,621,1548,1848,141,1248,362
2020-06-14,TAM,3112,109,2008,58,8802,85,201,2,14,2,121,1,655,1590,1716,151,1266,356
2020-06-15,TAM,3151,39,2173,165,8793,-9,207,6,12,-2,124,3,574,1755,1507,106,1371,239
2020-06-16,TAM,3424,273,2075,-98,9308,515,218,11,17,5,128,4,750,1632,1735,200,1261,460
2020-06-17,TAM,3558,134,2264,189,9666,358,232,14,16,-1,130,2,808,1799,1827,186,1383,500
2020-06-18,TAM,3774,216,2416,152,9834,168,243,11,16,0,131,1,934,1937,1765,248,1501,428
2020-06-19,TAM,3888,114,2684,268,9895,61,261,18,17,1,135,4,928,2184,1613,159,1653,222
2020-06-20,TAM,4006,118,2498,-186,10326,431,270,9,21,4,137,2,941,1986,1893,153,1383,418
2020-06-21,TAM,4161,155,2432,-66,10522,196,275,5,22,1,137,0,1002,1894,1965,155,1223,418
2020-06-22,TAM,4390,229,2346,-86,10718,196,278,3,25,3,137,0,998,1803,1942,133,1007,331
2020-06-23,TAM,4566,176,2574,228,10871,153,288,10,26,1,137,0,1016,1983,1849,124,1022,136
2020-06-24,TAM,4864,298,2671,97,11025,154,303,15,19,-7,139,2,1115,2046,1689,125,1151,20
2020-06-25,TAM,5109,245,2538,-133,11424,399,315,12,18,-1,141,2,1210,1900,1820,150,1016,133
2020-06-26,TAM,5249,140,2867,329,11568,144,324,9,16,-2,144,3,1099,2183,1633,104,1154,88
2020-06-27,TAM,5411,162,3198,331,11681,113,335,11,16,0,147,3,1083,2462,1521,69,1131,66
2020-06-28,TAM,5746,335,3087,-111,11731,50,346,11,18,2,149,2,1219,2329,1320,101,1001,41
2020-06-29,TAM,5853,107,3137,50,11979,248,359,13,20,2,151,2,1083,2239,1210,67,891,125
2020-06-30,TAM,5948,95,3722,585,12005,26,363,4,27,7,155,4,940,2704,824,35,1103,26
2020-07-01,TAM,6068,120,4240,518,12082,77,373,10,37,10,158,3,846,3115,659,33,1181,32
2020-07-02,TAM,6583,515,4068,-172,12452,370,399,26,41,4,167,9,1045,2916,819,72,1235,66
2020-07-03,TAM,6989,406,3965,-103,12840,388,443,44,37,-4,170,3,1143,2776,984,29,1170,62
2020-07-04,TAM,7247,258,4132,167,12895,55,464,21,38,1,174,4,1082,2769,812,51,1142,42
2020-07-05,TAM,7296,49,4232,100,13099,204,464,0,38,0,176,2,927,2774,876,32,950,62
2020-07-06,TAM,7466,170,4533,301,13213,114,471,7,45,7,178,2,826,2944,809,4,1005,7
2020-07-07,TAM,7676,210,5140,607,13305,92,481,10,59,14,181,3,770,3383,683,22,1191,5
2020-07-08,TAM,8037,361,5544,404,13393,88,525,44,61,2,191,10,815,3693,584,7,1205,11
2020-07-09,TAM,8297,260,5634,90,13756,363,548,23,62,1,195,4,808,3877,545,10,1271,20
2020-07-10,TAM,8591,294,5577,-57,14251,495,559,11,61,-1,199,4,730,3787,640,36,1257,16
2020-07-11,TAM,8796,205,5275,-302,14926,675,584,25,66,5,205,6,697,3591,893,32,1128,41
2020-07-12,TAM,8852,56,5447,172,15004,78,590,6,79,13,211,6,585,3597,762,35,880,27
2020-07-13,TAM,9113,261,5478,31,15268,264,604,14,81,2,218,7,674,3365,807,79,720,60
2020-07-14,TAM,9524,411,5833,355,15409,141,630,26,59,-22,238,20,896,3486,758,64,961,43
2020-07-15,TAM,9698,174,6064,231,15705,296,639,9,49,-10,249,11,880,3240,794,37,992,53
2020-07-16,TAM,10037,339,5881,-183,16202,497,649,10,56,7,260,11,891,3004,966,18,917,32
2020-07-17,TAM,10514,477,5925,44,16474,272,681,32,60,4,268,8,864,3162,875,24,913,18
2020-07-18,TAM,11017,503,5770,-155,16886,412,694,13,62,2,270,2,859,3279,805,23,940,27
2020-07-19,TAM,11205,188,5624,-146,17318,432,700,6,53,-9,280,10,781,3005,946,21,707,57
2020-07-20,TAM,11300,95,5880,256,17385,67,704,4,53,0,281,1,661,3045,743,22,614,19
2020-07-21,TAM,11843,543,5967,87,17743,358,743,39,65,12,290,9,766,3269,674,23,855,32
2020-07-22,TAM,12312,469,6055,88,18099,356,794,51,75,10,310,20,828,3295,780,27,896,45
2020-07-23,TAM,12421,109,6489,434,18359,260,814,20,75,0,324,14,702,3538,729,22,986,24
2020-07-24,TAM,12812,391,6567,78,18677,318,842,28,66,-9,343,19,676,3413,703,38,901,21
2020-07-25,TAM,13229,417,6117,-450,19439,762,884,42,61,-5,350,7,832,3054,972,23,844,45
2020-07-26,TAM,13347,118,6257,140,19517,78,892,8,60,-1,352,2,738,3030,840,12,710,40
2020-07-27,TAM,13685,338,5851,-406,19954,437,901,9,51,-9,356,4,783,2476,1020,17,425,54
2020-07-28,TAM,14002,317,5993,142,20215,261,936,35,44,-7,366,10,716,2779,925,10,616,18
2020-07-29,TAM,14333,331,6207,214,20231,16,953,17,45,1,375,9,621,2917,667,4,654,4
2020-07-30,TAM,15117,784,5869,-338,20438,207,980,27,48,3,382,7,706,2811,620,10,714,8
2020-07-31,TAM,16469,1352,4857,-1012,20963,525,1013,33,51,3,396,14,789,2607,719,18,747,14
2020-08-01,TAM,17113,644,4732,-125,21202,239,1035,22,49,-2,405,9,786,2621,693,29,771,16
2020-08-02,TAM,17224,111,4769,37,21391,189,1039,4,43,-6,409,4,692,2547,657,32,645,32
2020-08-03,TAM,17289,65,4786,17,21619,228,1040,1,39,-4,412,3,494,2267,582,20,420,27
2020-08-04,TAM,17362,73,5529,743,21783,164,1109,69,56,17,426,14,448,2749,566,15,632,16
2020-08-05,TAM,17422,60,5840,311,22127,344,1146,37,65,9,440,14,386,2875,667,14,741,42
2020-08-06,TAM,17502,80,6310,470,22270,143,1206,60,70,5,457,17,332,3134,615,12,829,22
2020-08-07,TAM,17728,226,6716,406,22358,88,1254,48,64,-6,483,26,325,3294,529,10,875,26
2020-08-08,TAM,17868,140,7114,398,22499,141,1286,32,70,6,499,16,298,3425,497,11,879,21
2020-08-09,TAM,17949,81,6973,-141,22883,384,1312,26,70,0,506,7,303,3105,665,14,717,48
2020-08-10,TAM,18040,91,6917,-56,23201,318,1341,29,69,-1,525,19,264,2665,714,17,474,74
2020-08-11,TAM,18696,656,6738,-179,23516,315,1398,57,79,10,550,25,414,2660,831,18,648,50
2020-08-12,TAM,18889,193,6906,168,23794,278,1415,17,86,7,560,10,471,2660,925,11,733,24
2020-08-13,TAM,20249,1360,5667,-1239,24276,482,1453,38,74,-12,577,17,678,2301,1044,17,671,24
2020-08-14,TAM,20453,204,5699,32,24731,455,1475,22,68,-6,594,17,614,2469,999,6,792,27
2020-08-15,TAM,20610,157,5865,166,25061,330,1557,82,60,-8,617,23,584,2494,992,12,863,30
2020-08-16,TAM,20698,88,5984,119,25195,134,1572,15,57,-3,618,1,544,2502,889,11,753,22
2020-08-17,TAM,20805,107,6066,82,25261,66,1575,3,60,3,624,6,487,2394,700,16,517,28
2020-08-18,TAM,21020,215,5990,-76,25828,567,1592,17,73,13,643,19,547,2294,911,13,604,22
2020-08-19,TAM,21303,283,5917,-73,26257,429,1627,35,72,-1,672,29,608,2219,1002,30,684,26
2020-08-20,TAM,21978,675,5162,-755,26889,632,1656,29,73,1,688,16,737,2010,1022,26,784,36
2020-08-21,TAM,22467,489,4854,-308,27311,422,1672,16,73,0,697,9,730,2009,1121,18,762,48
2020-08-22,TAM,22567,100,5010,156,27522,211,1686,14,69,-4,712,15,679,2161,1100,20,760,69
2020-08-23,TAM,22767,200,4719,-291,27797,275,1691,5,65,-4,718,6,679,1875,1160,19,554,109
2020-08-24,TAM,22866,99,4093,-626,28559,762,1697,6,75,10,725,7,558,1269,1489,22,299,195
2020-08-25,TAM,23375,509,4021,-72,28694,135,1721,24,67,-8,742,17,740,1278,1347,29,439,135
2020-08-26,TAM,23600,225,4033,12,28812,118,1737,16,68,1,752,10,771,1467,1228,30,594,119
2020-08-27,TAM,23851,251,4026,-7,29057,245,1752,15,73,5,760,8,854,1466,1289,45,493,106
2020-08-28,TAM,24041,190,3228,-798,29378,321,1768,16,54,-19,769,9,788,1522,1313,26,490,106
2020-08-29,TAM,24213,172,2563,-665,29617,239,1779,11,48,-6,777,8,729,1535,1283,20,529,101
2020-08-30,TAM,24255,42,2565,2,29828,211,1789,10,44,-4,779,2,623,1479,1324,19,449,96
2020-08-31,TAM,24392,137,2501,-64,30013,185,1793,4,48,4,785,6,614,1334,1275,16,385,80
2020-09-01,TAM,24729,337,2049,-452,30341,328,1823,30,46,-2,802,17,723,1108,1368,61,418,91
