Fecha,Estado,Positivos,Positivos_Delta,Sospechosos,Sospechosos_Delta,Negativos,Negativos_Delta,Defunciones_Positivos,Defunciones_Positivos_Delta,Defunciones_Sospechosos,Defunciones_Sospechosos_Delta,Defunciones_Negativos,Defunciones_Negativos_Delta,Positivos_Sintomas_14_Dias,Sospechosos_Sintomas_14_Dias,Negativos_Sintomas_14_Dias,Positivos_Sintomas_7_Dias,Sospechosos_Sintomas_7_Dias,Negativos_Sintomas_7_Dias
2020-02-27,NLE,0,0,,0,,0,0,0,0,0,0,0,0,0,0,0,0,0
2020-02-28,NLE,0,0,,0,,0,0,0,0,0,0,0,0,0,0,0,0,0
2020-02-29,NLE,0,0,,0,,0,0,0,0,0,0,0,0,0,0,0,0,0
2020-03-01,NLE,0,0,,0,,0,0,0,0,0,0,0,0,0,0,0,0,0
2020-03-02,NLE,0,0,,0,,0,0,0,0,0,0,0,0,0,0,0,0,0
2020-03-03,NLE,0,0,,0,,0,0,0,0,0,0,0,0,0,0,0,0,0
2020-03-04,NLE,0,0,,0,,0,0,0,0,0,0,0,0,0,0,0,0,0
2020-03-05,NLE,0,0,,0,,0,0,0,0,0,0,0,0,0,0,0,0,0
2020-03-06,NLE,0,0,,0,,0,0,0,0,0,0,0,0,0,0,0,0,0
2020-03-07,NLE,0,0,,0,,0,0,0,0,0,0,0,0,0,0,0,0,0
2020-03-08,NLE,0,0,,0,,0,0,0,0,0,0,0,0,0,0,0,0,0
2020-03-09,NLE,0,0,,0,,0,0,0,0,0,0,0,0,0,0,0,0,0
2020-03-10,NLE,0,0,,0,,0,0,0,0,0,0,0,0,0,0,0,0,0
2020-03-11,NLE,0,0,,0,,0,0,0,0,0,0,0,0,0,0,0,0,0
2020-03-12,NLE,1,1,,0,,0,0,0,0,0,0,0,0,0,0,0,0,0
2020-03-13,NLE,1,0,8,0,,0,0,0,0,0,0,0,0,0,0,0,0,0
2020-03-14,NLE,3,2,3,-5,,0,0,0,0,0,0,0,0,0,0,0,0,0
2020-03-15,NLE,5,2,21,18,,0,0,0,0,0,0,0,0,0,0,0,0,0
2020-03-16,NLE,13,8,2,-19,,0,0,0,0,0,0,0,0,0,0,0,0,0
2020-03-17,NLE,14,1,1,-1,,0,0,0,0,0,0,0,0,0,0,0,0,0
2020-03-18,NLE,19,5,8,7,,0,0,0,0,0,0,0,0,0,0,0,0,0
2020-03-19,NLE,19,0,35,27,,0,0,0,0,0,0,0,0,0,0,0,0,0
2020-03-20,NLE,29,10,1,-34,,0,0,0,0,0,0,0,0,0,0,0,0,0
2020-03-21,NLE,32,3,5,4,,0,0,0,0,0,0,0,0,0,0,0,0,0
2020-03-22,NLE,35,3,4,-1,,0,0,0,0,0,0,0,0,0,0,0,0,0
2020-03-23,NLE,40,5,6,2,,0,0,0,0,0,0,0,0,0,0,0,0,0
2020-03-24,NLE,52,12,1,-5,,0,0,0,0,0,0,0,0,0,0,0,0,0
2020-03-25,NLE,52,0,75,74,,0,0,0,0,0,0,0,0,0,0,0,0,0
2020-03-26,NLE,57,5,103,28,,0,0,0,0,0,0,0,0,0,0,0,0,0
2020-03-27,NLE,64,7,43,-60,,0,0,0,0,0,0,0,0,0,0,0,0,0
2020-03-28,NLE,64,0,66,23,,0,0,0,0,0,0,0,0,0,0,0,0,0
2020-03-29,NLE,67,3,130,64,,0,0,0,0,0,0,0,0,0,0,0,0,0
2020-03-30,NLE,75,8,161,31,,0,0,0,0,0,0,0,0,0,0,0,0,0
2020-03-31,NLE,76,1,148,-13,,0,0,0,0,0,0,0,0,0,0,0,0,0
2020-04-01,NLE,78,2,109,-39,,0,0,0,0,0,0,0,0,0,0,0,0,0
2020-04-02,NLE,84,6,80,-29,,0,0,0,0,0,0,0,0,0,0,0,0,0
2020-04-03,NLE,85,1,145,65,,0,0,0,0,0,0,0,0,0,0,0,0,0
2020-04-04,NLE,88,3,165,20,801,0,1,1,0,0,0,0,0,0,0,0,0,0
2020-04-05,NLE,91,3,203,38,819,18,2,1,0,0,0,0,0,0,0,0,0,0
2020-04-06,NLE,93,2,142,-61,970,151,3,1,0,0,0,0,0,0,0,0,0,0
2020-04-07,NLE,93,0,333,191,1186,216,4,1,0,0,0,0,0,0,0,0,0,0
2020-04-08,NLE,98,5,551,218,1343,157,4,0,0,0,0,0,0,0,0,0,0,0
2020-04-09,NLE,107,9,687,136,1378,35,5,1,0,0,0,0,0,0,0,0,0,0
2020-04-10,NLE,110,3,997,310,1429,51,5,0,0,0,0,0,0,0,0,0,0,0
2020-04-11,NLE,119,9,1342,345,1527,98,5,0,0,0,0,0,0,0,0,0,0,0
2020-04-12,NLE,124,5,1552,210,1585,58,5,0,0,0,2,2,33,1382,348,5,990,38
2020-04-13,NLE,132,8,1727,175,1610,25,5,0,0,0,2,0,37,1513,313,3,986,22
2020-04-14,NLE,136,4,1919,192,1667,57,5,0,0,0,2,0,36,1683,296,5,964,7
2020-04-15,NLE,150,14,2015,96,1841,174,5,0,0,0,2,0,42,1725,382,2,929,24
2020-04-16,NLE,159,9,2104,89,2093,252,5,0,0,0,2,0,43,1813,541,8,957,9
2020-04-17,NLE,159,0,2245,141,2103,10,5,0,1,1,2,0,34,1956,514,5,878,3
2020-04-18,NLE,172,13,2184,-61,2200,97,6,1,1,0,2,0,42,1891,545,1,703,19
2020-04-19,NLE,184,12,2184,0,2204,4,6,0,0,-1,3,1,44,1841,456,2,548,19
2020-04-20,NLE,202,18,2131,-53,2311,107,6,0,0,0,3,0,55,1705,438,3,358,40
2020-04-21,NLE,203,1,1890,-241,2429,118,6,0,2,2,3,0,45,1553,364,2,321,20
2020-04-22,NLE,221,18,1564,-326,2767,338,6,0,2,0,7,4,53,1267,424,2,200,49
2020-04-23,NLE,259,38,1302,-262,3097,330,7,1,1,-1,7,0,75,978,505,10,126,70
2020-04-24,NLE,270,11,1142,-160,3324,227,9,2,0,-1,9,2,63,811,475,11,102,70
2020-04-25,NLE,282,12,855,-287,3664,340,9,0,1,1,9,0,61,652,481,15,83,105
2020-04-26,NLE,287,5,457,-398,4153,489,9,0,1,0,9,0,59,326,742,12,122,121
2020-04-27,NLE,295,8,402,-55,4355,202,10,1,0,-1,10,1,54,285,724,11,176,134
2020-04-28,NLE,310,15,425,23,4537,182,12,2,0,0,11,1,53,371,741,8,280,154
2020-04-29,NLE,324,14,480,55,4699,162,13,1,0,0,11,0,58,461,697,11,359,197
2020-04-30,NLE,346,22,574,94,4814,115,16,3,1,1,13,2,72,553,686,21,424,211
2020-05-01,NLE,376,30,565,-9,4976,162,17,1,1,0,14,1,94,547,753,33,397,230
2020-05-02,NLE,415,39,528,-37,5101,125,19,2,1,0,14,0,121,508,815,43,344,188
2020-05-03,NLE,428,13,380,-148,5335,234,20,1,1,0,14,0,124,360,973,40,249,216
2020-05-04,NLE,451,23,380,0,5527,192,23,3,1,0,14,0,135,349,1065,35,262,219
2020-05-05,NLE,478,27,569,189,5567,40,25,2,1,0,16,2,156,533,1033,39,429,153
2020-05-06,NLE,520,42,627,58,5764,197,28,3,1,0,32,16,184,601,1139,64,500,209
2020-05-07,NLE,574,54,542,-85,6000,236,32,4,2,1,33,1,226,509,1273,101,397,352
2020-05-08,NLE,609,35,506,-36,6192,192,33,1,1,-1,33,0,248,479,1319,95,350,356
2020-05-09,NLE,616,7,574,68,6276,84,33,0,1,0,33,0,238,551,1209,85,396,325
2020-05-10,NLE,650,34,646,72,6369,93,33,0,1,0,33,0,249,624,1143,104,442,287
2020-05-11,NLE,672,22,711,65,6543,174,33,0,0,-1,34,1,239,684,1150,99,536,269
2020-05-12,NLE,694,22,541,-170,6941,398,36,3,0,0,34,0,247,517,1410,50,377,400
2020-05-13,NLE,724,30,640,99,7109,168,39,3,0,0,34,0,261,622,1457,61,465,448
2020-05-14,NLE,762,38,804,164,7317,208,42,3,0,0,34,0,277,784,1566,78,608,458
2020-05-15,NLE,784,22,1040,236,7381,64,49,7,0,0,35,1,265,1004,1415,59,812,318
2020-05-16,NLE,800,16,1220,180,7367,-14,49,0,0,0,35,0,266,1177,1295,52,940,230
2020-05-17,NLE,868,68,1172,-48,7563,196,49,0,0,0,35,0,318,1096,1347,86,789,277
2020-05-18,NLE,884,16,1254,82,7641,78,49,0,0,0,38,3,307,1158,1260,72,727,244
2020-05-19,NLE,963,79,1484,230,7662,21,54,5,1,1,50,12,309,1362,1067,87,765,163
2020-05-21,NLE,1043,80,1852,368,7974,312,58,4,1,0,53,3,334,1676,1083,62,901,228
2020-05-22,NLE,1095,52,1885,33,8319,345,62,4,1,0,54,1,339,1741,1184,74,1066,224
2020-05-23,NLE,1125,30,2012,127,8547,228,62,0,1,0,58,4,337,1871,1231,79,1224,225
2020-05-24,NLE,1154,29,2084,72,8692,145,62,0,1,0,61,3,329,1897,1165,78,1234,196
2020-05-25,NLE,1174,20,2086,2,8956,264,67,5,1,0,61,0,301,1889,1204,60,1191,152
2020-05-26,NLE,1227,53,2108,22,9313,357,71,4,2,1,66,5,308,1882,1285,56,1217,173
2020-05-27,NLE,1293,66,2212,104,9688,375,76,5,2,0,67,1,313,1984,1419,68,1413,154
2020-05-28,NLE,1329,36,2496,284,9959,271,80,4,2,0,68,1,310,2250,1484,75,1626,201
2020-05-29,NLE,1366,37,2727,231,10362,403,85,5,2,0,69,1,302,2463,1675,84,1870,230
2020-05-30,NLE,1377,11,2988,261,10553,191,87,2,4,2,71,2,289,2713,1696,68,1959,216
2020-05-31,NLE,1423,46,3139,151,10575,22,88,1,3,-1,71,0,303,2842,1504,63,1807,204
2020-06-01,NLE,1488,65,3087,-52,10755,180,96,8,3,0,72,1,314,2870,1262,52,1552,183
2020-06-02,NLE,1530,42,3275,188,10963,208,99,3,4,1,74,2,308,3020,1164,40,1493,168
2020-06-03,NLE,1634,104,3450,175,11058,95,103,4,3,-1,74,0,383,3156,996,60,1463,130
2020-06-04,NLE,1734,100,3825,375,11198,140,105,2,2,-1,77,3,448,3492,875,95,1596,142
2020-06-05,NLE,1766,32,4173,348,11371,173,109,4,2,0,79,2,433,3786,793,91,1711,196
2020-06-06,NLE,1807,41,4411,238,11571,200,126,17,3,1,85,6,397,3935,769,93,1848,205
2020-06-07,NLE,1926,119,4430,19,11757,186,130,4,0,-3,87,2,459,3816,775,125,1810,202
2020-06-08,NLE,1978,52,4059,-371,12427,670,130,0,0,0,88,1,428,3497,977,98,1671,189
2020-06-09,NLE,2019,41,4024,-35,13032,605,131,1,0,0,89,1,401,3513,1100,92,1790,242
2020-06-10,NLE,2128,109,4047,23,13436,404,136,5,0,0,95,6,447,3605,1061,106,1737,284
2020-06-11,NLE,2229,101,4323,276,13742,306,152,16,3,3,106,11,504,3890,1010,101,1803,363
2020-06-12,NLE,2340,111,4005,-318,14521,779,156,4,4,1,132,26,561,3626,1468,92,1956,410
2020-06-13,NLE,2462,122,3845,-160,15093,572,165,9,3,-1,131,-1,629,3381,1848,123,2050,410
2020-06-14,NLE,2552,90,3333,-512,15901,808,165,0,3,0,131,0,663,2748,2496,135,1830,640
2020-06-15,NLE,2895,343,3007,-326,16279,378,180,15,5,2,150,19,886,2275,2567,193,1568,567
2020-06-16,NLE,3003,108,2931,-76,16924,645,188,8,6,1,165,15,919,2540,2497,185,1762,428
2020-06-17,NLE,3257,254,2881,-50,17442,518,196,8,6,0,167,2,1055,2514,2586,194,1756,383
2020-06-18,NLE,3414,157,2829,-52,17576,134,215,19,6,0,167,0,1095,2443,2302,174,1628,262
2020-06-19,NLE,3491,77,3053,224,17877,301,228,13,6,0,168,1,1027,2625,2323,135,1678,280
2020-06-20,NLE,3647,156,2979,-74,18216,339,235,7,5,-1,171,3,1056,2511,2367,146,1534,325
2020-06-21,NLE,3765,118,3012,33,18356,140,239,4,5,0,171,0,1041,2532,2266,143,1408,286
2020-06-22,NLE,3924,159,2865,-147,18624,268,247,8,5,0,171,0,906,2403,2135,126,1091,215
2020-06-23,NLE,4115,191,2873,8,19021,397,254,7,3,-2,174,3,906,2444,2074,139,1084,218
2020-06-24,NLE,4213,98,3312,439,19094,73,267,13,3,0,180,6,809,2793,1678,129,1258,153
2020-06-25,NLE,4614,401,3090,-222,19474,380,277,10,3,0,188,8,1003,2565,1684,188,1292,189
2020-06-26,NLE,4724,110,3648,558,19550,76,294,17,4,1,213,25,930,2971,1493,187,1537,186
2020-06-27,NLE,4981,257,3621,-27,19886,336,298,4,4,0,213,0,1009,2888,1539,203,1456,256
2020-06-28,NLE,5126,145,3382,-239,20380,494,298,0,4,0,213,0,1000,2648,1710,192,1264,317
2020-06-29,NLE,5319,193,3086,-296,20908,528,309,11,5,1,223,10,939,2316,1751,172,1100,365
2020-06-30,NLE,5973,654,3106,20,21027,119,332,23,7,2,233,10,1254,2428,1556,207,1266,297
2020-07-01,NLE,6275,302,3388,282,21175,148,344,12,8,1,239,6,1351,2685,1461,207,1508,256
2020-07-02,NLE,6705,430,3168,-220,21659,484,361,17,9,1,242,3,1518,2464,1739,208,1571,259
2020-07-03,NLE,6896,191,3482,314,21829,170,384,23,10,1,249,7,1481,2752,1695,175,1676,237
2020-07-04,NLE,7286,390,3302,-180,22186,357,399,15,10,0,253,4,1585,2499,1827,269,1487,350
2020-07-05,NLE,7556,270,3283,-19,22347,161,403,4,8,-2,272,19,1608,2447,1724,245,1404,278
2020-07-06,NLE,7912,356,3107,-176,22664,317,419,16,7,-1,275,3,1666,2230,1768,231,1245,272
2020-07-07,NLE,8162,250,3670,563,22817,153,446,27,9,2,287,12,1630,2751,1639,258,1492,255
2020-07-08,NLE,8499,337,4014,344,23061,244,466,20,10,1,323,36,1741,3026,1641,282,1546,294
2020-07-09,NLE,9025,526,3872,-142,23469,408,487,21,9,-1,325,2,1914,2951,1734,359,1520,344
2020-07-10,NLE,9220,195,4334,462,23603,134,508,21,9,0,325,0,1790,3353,1594,303,1642,302
2020-07-11,NLE,9538,318,4124,-210,23675,72,524,16,10,1,325,0,1912,3148,1713,362,1445,359
2020-07-12,NLE,9835,297,4111,-13,23896,221,525,1,9,-1,325,0,1860,3159,1622,325,1353,334
2020-07-13,NLE,10306,471,3913,-198,24157,261,544,19,11,2,336,11,1928,2908,1594,293,1164,282
2020-07-14,NLE,10677,371,4269,356,24405,248,583,39,11,0,341,5,1958,3150,1580,294,1351,266
2020-07-15,NLE,10937,260,4464,195,24582,177,590,7,11,0,342,1,1864,3184,1477,307,1424,231
2020-07-16,NLE,11215,278,4686,222,24799,217,623,33,12,1,345,3,1818,3286,1418,293,1488,229
2020-07-17,NLE,11514,299,5215,529,24955,156,638,15,14,2,347,2,1738,3698,1328,294,1563,242
2020-07-18,NLE,11746,232,5661,446,25026,71,668,30,18,4,348,1,1651,4024,1178,358,1584,240
2020-07-19,NLE,12167,421,5554,-107,25265,239,669,1,17,-1,348,0,1686,3843,1160,347,1392,241
2020-07-20,NLE,12697,530,5042,-512,25605,340,669,0,16,-1,355,7,1686,3306,1200,279,1018,225
2020-07-21,NLE,13144,447,5166,124,25901,296,749,80,13,-3,365,10,1738,3292,1262,269,1063,265
2020-07-22,NLE,13340,196,5795,629,25995,94,794,45,14,1,379,14,1637,3714,1158,274,1121,259
2020-07-23,NLE,13846,506,5822,27,26239,244,820,26,15,1,388,9,1805,3636,1213,327,1173,289
2020-07-24,NLE,14493,647,5833,11,26554,315,877,57,19,4,393,5,1881,3546,1264,384,1252,304
2020-07-25,NLE,14785,292,6318,485,26726,172,913,36,23,4,416,23,1812,3865,1271,381,1448,321
2020-07-26,NLE,15290,505,6049,-269,26960,234,924,11,23,0,418,2,1882,3555,1235,370,1212,285
2020-07-27,NLE,15665,375,5787,-262,27145,185,927,3,22,-1,422,4,1734,3174,1126,251,850,220
2020-07-28,NLE,15805,140,5948,161,27219,74,966,39,23,1,429,7,1562,3117,1024,214,688,190
2020-07-29,NLE,16219,414,5659,-289,27468,249,982,16,22,-1,430,1,1380,2905,996,137,616,109
2020-07-30,NLE,16603,384,5713,54,27748,280,1028,46,26,4,444,14,1340,2959,975,229,560,154
2020-07-31,NLE,17306,703,5212,-501,28131,383,1066,38,28,2,456,12,1349,2809,921,284,553,205
2020-08-01,NLE,18205,899,4357,-855,28608,477,1120,54,28,0,479,23,1532,2378,1009,317,488,245
2020-08-02,NLE,19041,836,3390,-967,29031,423,1138,18,28,0,487,8,1705,1687,1095,283,437,256
2020-08-03,NLE,19438,397,2992,-398,29271,240,1145,7,30,2,487,0,1464,1259,1017,209,329,216
2020-08-04,NLE,20054,616,2604,-388,29665,394,1186,41,33,3,499,12,1566,1028,1127,238,412,240
2020-08-05,NLE,20515,461,2568,-36,29895,230,1292,106,30,-3,502,3,1523,1133,1096,239,593,256
2020-08-06,NLE,20735,220,2704,136,30120,225,1328,36,33,3,514,12,1561,1216,1155,317,667,309
2020-08-07,NLE,21188,453,2563,-141,30392,272,1393,65,37,4,527,13,1711,1101,1281,395,626,395
2020-08-08,NLE,21533,345,2665,102,30593,201,1427,34,40,3,530,3,1806,1133,1332,401,597,381
2020-08-09,NLE,21734,201,2735,70,30702,109,1434,7,40,0,531,1,1769,1151,1315,375,584,358
2020-08-10,NLE,22186,452,2339,-396,30988,286,1499,65,42,2,548,17,1851,769,1382,342,355,333
2020-08-11,NLE,22536,350,2348,9,31258,270,1584,85,48,6,577,29,1896,849,1430,334,416,325
2020-08-12,NLE,22786,250,2671,323,31436,178,1631,47,49,1,586,9,1932,1152,1468,325,631,331
2020-08-13,NLE,23274,488,2514,-157,31756,320,1668,37,46,-3,590,4,2064,1139,1588,359,649,429
2020-08-14,NLE,23627,353,2696,182,31992,236,1726,58,45,-1,600,10,2049,1417,1646,349,825,466
2020-08-15,NLE,23940,313,2649,-47,32285,293,1770,44,45,0,607,7,1991,1308,1701,343,771,470
2020-08-16,NLE,24166,226,2649,0,32491,206,1770,0,45,0,607,0,1969,1291,1723,345,694,455
2020-08-17,NLE,24337,171,2690,41,32601,110,1775,5,45,0,609,2,1735,1290,1580,271,602,354
2020-08-18,NLE,24628,291,2912,222,32795,194,1865,90,45,0,623,14,1738,1472,1557,259,796,303
2020-08-19,NLE,25185,557,2641,-271,33218,423,1901,36,43,-2,636,13,1984,1226,1780,342,714,382
2020-08-20,NLE,25527,342,2723,82,33453,235,1950,49,45,2,659,23,2036,1277,1842,379,746,405
2020-08-21,NLE,25969,442,2592,-131,33714,261,1970,20,44,-1,667,8,2063,1220,1889,384,702,412
2020-08-22,NLE,26374,405,2641,49,33995,281,2000,30,44,0,675,8,2128,1244,1916,439,663,457
2020-08-23,NLE,26714,340,2430,-211,34250,255,2000,0,43,-1,676,1,2209,1013,1950,447,492,482
2020-08-24,NLE,26924,210,2315,-115,34413,163,2004,4,42,-1,676,0,2027,851,1803,340,392,382
2020-08-25,NLE,27290,366,2452,137,34674,261,2062,58,42,0,684,8,2099,940,1824,340,520,402
2020-08-26,NLE,27542,252,2854,402,34866,192,2100,38,43,1,695,11,2066,1292,1775,332,799,392
2020-08-27,NLE,27982,440,3060,206,35201,335,2133,33,44,1,701,6,2237,1471,1907,448,824,460
2020-08-28,NLE,28388,406,3296,236,35548,347,2170,37,46,2,712,11,2346,1651,2034,473,975,501
2020-08-29,NLE,28694,306,3545,249,35843,295,2226,56,47,1,754,42,2309,1847,2072,462,1057,554
2020-08-30,NLE,28909,215,3584,39,36076,233,2227,1,47,0,755,1,2239,1862,2079,371,1006,510
2020-08-31,NLE,29320,411,3076,-508,36474,398,2233,6,48,1,760,5,2374,1308,2190,389,607,473
2020-09-01,NLE,29760,440,3036,-40,36820,346,2285,52,49,1,781,21,2479,1214,2291,353,632,442
2020-09-02,NLE,30189,429,3168,132,37170,350,2331,46,54,5,790,9,2598,1329,2388,360,772,415
2020-09-03,NLE,30551,362,3548,380,37507,337,2362,31,55,1,799,9,2512,1634,2396,378,1031,457
2020-09-04,NLE,30916,365,3890,342,37891,384,2395,33,56,1,810,11,2495,1936,2468,379,1283,500
2020-09-05,NLE,31361,445,3893,3,38364,473,2444,49,58,2,838,28,2598,1910,2669,476,1261,688
2020-09-06,NLE,31710,349,3559,-334,38764,400,2444,0,58,0,838,0,2583,1549,2777,482,931,715
