Fecha,Estado,Positivos,Positivos_Delta,Sospechosos,Sospechosos_Delta,Negativos,Negativos_Delta,Defunciones_Positivos,Defunciones_Positivos_Delta,Defunciones_Sospechosos,Defunciones_Sospechosos_Delta,Defunciones_Negativos,Defunciones_Negativos_Delta,Positivos_Sintomas_14_Dias,Sospechosos_Sintomas_14_Dias,Negativos_Sintomas_14_Dias,Positivos_Sintomas_7_Dias,Sospechosos_Sintomas_7_Dias,Negativos_Sintomas_7_Dias
2020-04-12,GRO,73,0,114,0,269,0,6,0,0,0,3,0,42,40,88,8,19,21
2020-04-13,GRO,80,7,119,5,285,16,6,0,3,3,5,2,44,42,86,6,22,21
2020-04-14,GRO,91,11,143,24,291,6,6,0,0,-3,9,4,50,65,82,11,47,10
2020-04-15,GRO,100,9,125,-18,322,31,8,2,0,0,9,0,55,47,97,10,31,24
2020-04-16,GRO,103,3,149,24,327,5,9,1,2,2,10,1,53,72,90,8,46,18
2020-04-17,GRO,112,9,130,-19,341,14,11,2,1,-1,12,2,54,74,110,6,47,29
2020-04-18,GRO,112,0,124,-6,346,5,11,0,1,0,13,1,44,84,105,5,40,23
2020-04-19,GRO,124,12,93,-31,366,20,12,1,1,0,13,0,51,53,114,8,23,29
2020-04-20,GRO,129,5,85,-8,380,14,14,2,1,0,16,3,48,48,114,4,17,20
2020-04-21,GRO,130,1,65,-20,388,8,16,2,2,1,19,3,46,62,104,3,29,16
2020-04-22,GRO,142,12,68,3,409,21,18,2,3,1,22,3,44,66,112,8,34,19
2020-04-23,GRO,163,21,59,-9,435,26,23,5,2,-1,22,0,57,57,121,9,38,20
2020-04-24,GRO,171,8,62,3,456,21,30,7,1,-1,24,2,53,58,124,9,49,23
2020-04-25,GRO,177,6,66,4,466,10,31,1,1,0,24,0,51,62,112,10,45,16
2020-04-26,GRO,200,23,41,-25,493,27,31,0,0,-1,25,1,70,38,130,20,26,17
2020-04-27,GRO,215,15,68,27,502,9,32,1,1,1,26,1,70,66,116,19,52,15
2020-04-28,GRO,239,24,100,32,534,32,39,7,6,5,28,2,86,98,130,15,69,21
2020-04-29,GRO,268,29,126,26,545,11,49,10,1,-5,28,0,102,124,124,26,78,18
2020-04-30,GRO,281,13,158,32,568,23,50,1,2,1,29,1,110,155,130,25,88,19
2020-05-01,GRO,316,35,150,-8,593,25,52,2,1,-1,30,1,136,142,138,25,82,12
2020-05-02,GRO,317,1,158,8,612,19,52,0,2,1,30,0,123,149,135,12,72,9
2020-05-03,GRO,342,25,151,-7,644,32,52,0,3,1,31,1,130,143,145,15,64,21
2020-05-04,GRO,366,24,196,45,675,31,54,2,2,-1,31,0,131,188,154,10,114,19
2020-05-05,GRO,388,22,240,44,703,28,58,4,4,2,32,1,137,230,163,14,144,20
2020-05-06,GRO,413,25,265,25,726,23,60,2,7,3,33,1,144,255,170,14,148,20
2020-05-07,GRO,441,28,323,58,749,23,62,2,11,4,39,6,152,310,163,17,175,17
2020-05-08,GRO,450,9,368,45,768,19,64,2,15,4,43,4,132,351,153,7,174,5
2020-05-09,GRO,475,25,379,11,805,37,68,4,12,-3,45,2,128,368,162,6,179,6
2020-05-10,GRO,531,56,320,-59,861,56,74,6,6,-6,46,1,165,308,198,12,139,12
2020-05-11,GRO,582,51,273,-47,909,48,75,1,5,-1,46,0,192,259,214,17,104,9
2020-05-12,GRO,618,36,351,78,954,45,80,5,6,1,47,1,199,335,218,15,167,13
2020-05-13,GRO,670,52,371,20,1013,59,85,5,9,3,50,3,210,350,249,10,193,13
2020-05-14,GRO,696,26,436,65,1040,27,86,1,10,1,52,2,206,403,236,12,215,14
2020-05-15,GRO,743,47,466,30,1096,56,105,19,14,4,63,11,206,393,233,17,226,16
2020-05-16,GRO,785,42,489,23,1142,46,112,7,24,10,67,4,215,413,232,25,219,18
2020-05-17,GRO,798,13,565,76,1153,11,112,0,29,5,68,1,189,472,206,17,182,15
2020-05-18,GRO,855,57,552,-13,1213,60,116,4,31,2,69,1,210,451,215,19,179,18
2020-05-19,GRO,899,44,656,104,1275,62,132,16,37,6,84,15,225,537,244,18,257,15
2020-05-21,GRO,984,85,870,214,1350,75,152,20,49,12,92,8,238,736,222,8,365,3
2020-05-22,GRO,1020,36,966,96,1392,42,161,9,47,-2,97,5,228,817,204,7,350,7
2020-05-23,GRO,1086,66,946,-20,1460,68,170,9,34,-13,105,8,234,796,219,5,313,10
2020-05-24,GRO,1205,119,875,-71,1496,36,175,5,31,-3,107,2,293,711,184,12,251,9
2020-05-25,GRO,1301,96,922,47,1508,12,182,7,55,24,110,3,332,740,166,10,221,3
2020-05-26,GRO,1363,62,1015,93,1534,26,197,15,73,18,116,6,324,821,146,4,246,4
2020-05-27,GRO,1421,58,1078,63,1581,47,217,20,65,-8,126,10,309,872,133,2,272,0
2020-05-28,GRO,1584,163,1047,-31,1631,50,240,23,64,-1,133,7,378,850,130,0,321,2
2020-05-29,GRO,1643,59,1116,69,1645,14,251,11,70,6,134,1,316,888,106,1,313,3
2020-05-30,GRO,1827,184,1036,-80,1687,42,270,19,47,-23,140,6,369,815,119,7,306,3
2020-05-31,GRO,1893,66,1066,30,1692,5,275,5,47,0,143,3,342,828,93,4,252,1
2020-06-01,GRO,1951,58,1157,91,1718,26,281,6,56,9,145,2,261,894,83,2,250,3
2020-06-02,GRO,2052,101,1209,52,1733,15,295,14,63,7,148,3,263,943,81,2,256,0
2020-06-03,GRO,2134,82,1321,112,1784,51,314,19,78,15,147,-1,235,1024,108,3,283,4
2020-06-04,GRO,2158,24,1484,163,1775,-9,341,27,91,13,150,3,186,1143,85,3,307,3
2020-06-05,GRO,2325,167,1473,-11,1805,30,358,17,107,16,152,2,238,1131,88,5,315,2
2020-06-06,GRO,2415,90,1500,27,1886,81,371,13,111,4,155,3,213,1140,126,3,306,2
2020-06-07,GRO,2551,136,1477,-23,1928,42,382,11,99,-12,156,1,262,1091,119,4,259,2
2020-06-08,GRO,2561,10,1563,86,1963,35,390,8,100,1,160,4,195,1115,108,2,183,8
2020-06-09,GRO,2668,107,1638,75,2021,58,428,38,130,30,167,7,201,1141,109,2,250,4
2020-06-10,GRO,2887,219,1475,-163,2144,123,489,61,97,-33,180,13,257,1022,157,4,278,5
2020-06-11,GRO,3018,131,1438,-37,2240,96,509,20,83,-14,186,6,289,970,180,4,324,3
2020-06-12,GRO,3160,142,1525,87,2272,32,525,16,85,2,187,1,317,1038,161,6,375,5
2020-06-13,GRO,3259,99,1507,-18,2342,70,546,21,83,-2,193,6,319,1006,160,2,350,3
2020-06-14,GRO,3344,85,1502,-5,2396,54,556,10,84,1,193,0,307,990,156,3,327,3
2020-06-15,GRO,3496,152,1438,-64,2465,69,585,29,87,3,198,5,322,899,164,4,302,3
2020-06-16,GRO,3633,137,1420,-18,2526,61,611,26,106,19,212,14,341,868,188,8,296,4
2020-06-17,GRO,3782,149,1456,36,2581,55,661,50,107,1,211,-1,372,914,205,4,306,4
2020-06-18,GRO,3902,120,1473,17,2634,53,684,23,109,2,212,1,412,915,218,3,319,6
2020-06-19,GRO,4029,127,1452,-21,2684,50,701,17,110,1,218,6,432,877,199,8,302,6
2020-06-20,GRO,4179,150,1408,-44,2744,60,722,21,105,-5,221,3,451,839,198,27,285,8
2020-06-21,GRO,4288,109,1359,-49,2797,53,733,11,103,-2,222,1,470,766,221,18,242,13
2020-06-22,GRO,4423,135,1303,-56,2864,67,754,21,99,-4,226,4,468,708,229,13,211,13
2020-06-23,GRO,4611,188,1247,-56,2955,91,801,47,90,-9,233,7,487,695,255,7,275,10
2020-06-24,GRO,4768,157,1228,-19,3026,71,820,19,92,2,236,3,485,647,250,14,301,9
2020-06-25,GRO,4828,60,1304,76,3070,44,830,10,92,0,242,6,436,727,252,13,291,7
2020-06-26,GRO,4933,105,1335,31,3111,41,847,17,87,-5,248,6,411,757,239,9,270,5
2020-06-27,GRO,5052,119,1278,-57,3176,65,857,10,83,-4,249,1,438,670,255,16,214,10
2020-06-28,GRO,5183,131,1112,-166,3280,104,867,10,80,-3,253,4,467,515,301,17,151,22
2020-06-29,GRO,5311,128,1147,35,3315,35,876,9,89,9,254,1,460,536,261,17,172,20
2020-06-30,GRO,5413,102,1204,57,3353,38,891,15,95,6,260,6,472,599,255,12,268,15
2020-07-01,GRO,5571,158,1181,-23,3410,57,913,22,85,-10,260,0,526,605,270,32,295,18
2020-07-02,GRO,5652,81,1356,175,3485,75,927,14,82,-3,262,2,471,782,276,26,368,16
2020-07-03,GRO,5767,115,1656,300,3529,44,962,35,87,5,265,3,468,1052,278,31,421,19
2020-07-04,GRO,5954,187,1765,109,3631,102,988,26,85,-2,269,4,533,1126,316,29,404,37
2020-07-05,GRO,6098,144,2181,416,3723,92,995,7,85,0,270,1,572,1514,361,32,417,44
2020-07-06,GRO,6198,100,2625,444,3812,89,1003,8,87,2,274,4,570,1869,399,47,497,59
2020-07-07,GRO,6488,290,2567,-58,3975,163,1024,21,76,-11,277,3,701,1839,452,40,499,36
2020-07-08,GRO,6734,246,2451,-116,4088,113,1039,15,76,0,277,0,799,1707,488,23,388,11
2020-07-09,GRO,6949,215,2315,-136,4237,149,1059,20,64,-12,282,5,832,1473,530,38,351,24
2020-07-10,GRO,7179,230,2150,-165,4370,133,1081,22,64,0,282,0,839,1267,556,36,310,25
2020-07-11,GRO,7356,177,2035,-115,4506,136,1088,7,59,-5,284,2,813,1108,555,22,290,17
2020-07-12,GRO,7471,115,1916,-119,4588,82,1091,3,61,2,284,0,723,872,509,11,224,20
2020-07-13,GRO,7632,161,1874,-42,4718,130,1108,17,60,-1,285,1,707,743,524,16,249,26
2020-07-14,GRO,7918,286,1715,-159,4853,135,1131,23,62,2,289,4,751,686,497,50,343,21
2020-07-15,GRO,8149,231,1617,-98,5013,160,1151,20,64,2,293,4,643,715,456,67,378,46
2020-07-16,GRO,8432,283,1417,-200,5189,176,1167,16,65,1,296,3,694,681,473,90,327,72
2020-07-17,GRO,8642,210,1396,-21,5340,151,1182,15,67,2,298,2,738,674,512,97,320,74
2020-07-18,GRO,8843,201,1266,-130,5503,163,1214,32,62,-5,307,9,769,551,598,95,303,84
2020-07-19,GRO,8985,142,1220,-46,5608,105,1218,4,64,2,309,2,783,514,641,75,286,60
2020-07-20,GRO,9132,147,1140,-80,5727,119,1224,6,62,-2,309,0,832,432,681,80,263,57
2020-07-21,GRO,9277,145,1173,33,5874,147,1243,19,57,-5,314,5,875,491,747,106,335,90
2020-07-22,GRO,9446,169,1106,-67,5979,105,1279,36,56,-1,316,2,922,427,770,134,229,109
2020-07-23,GRO,9576,130,1159,53,6069,90,1306,27,56,0,321,5,899,474,767,106,274,100
2020-07-24,GRO,9719,143,1220,61,6147,78,1316,10,58,2,324,3,817,590,660,91,332,75
2020-07-25,GRO,9880,161,1344,124,6230,83,1332,16,55,-3,329,5,817,752,625,100,408,57
2020-07-26,GRO,9952,72,1450,106,6274,44,1340,8,53,-2,330,1,752,858,554,67,393,42
2020-07-27,GRO,10074,122,1446,-4,6343,69,1356,16,56,3,331,1,752,851,523,46,237,32
2020-07-28,GRO,10302,228,1417,-29,6467,124,1380,24,44,-12,336,5,861,846,557,57,269,45
2020-07-29,GRO,10398,96,1559,142,6520,53,1389,9,43,-1,341,5,812,956,519,56,342,49
2020-07-30,GRO,10654,256,1511,-48,6689,169,1398,9,45,2,346,5,872,959,569,100,389,66
2020-07-31,GRO,10886,232,1513,2,6805,116,1411,13,46,1,347,1,937,997,566,133,419,72
2020-08-01,GRO,11032,146,1596,83,6955,150,1415,4,47,1,348,1,916,1081,610,104,444,96
2020-08-02,GRO,11177,145,1589,-7,7084,129,1422,7,47,0,348,0,891,1042,645,105,409,119
2020-08-03,GRO,11371,194,1361,-228,7273,189,1427,5,50,3,351,3,838,762,683,83,261,100
2020-08-04,GRO,11503,132,1402,41,7412,139,1437,10,51,1,357,6,837,785,730,66,301,81
2020-08-05,GRO,11698,195,1380,-22,7628,216,1445,8,51,0,361,4,858,877,777,67,404,85
2020-08-06,GRO,11843,145,1559,179,7757,129,1456,11,48,-3,362,1,868,1058,796,85,583,103
2020-08-07,GRO,11963,120,1676,117,7873,116,1464,8,51,3,366,4,852,1144,803,101,607,138
2020-08-08,GRO,12142,179,1585,-91,8054,181,1483,19,49,-2,370,4,846,1063,824,95,488,105
2020-08-09,GRO,12299,157,1331,-254,8245,191,1486,3,54,5,372,2,867,817,868,59,318,58
2020-08-10,GRO,12473,174,1070,-261,8390,145,1493,7,53,-1,375,3,854,545,854,68,139,60
2020-08-11,GRO,12641,168,913,-157,8550,160,1513,20,50,-3,382,7,848,424,847,50,176,38
2020-08-12,GRO,12756,115,971,58,8608,58,1524,11,45,-5,384,2,822,486,774,24,237,26
2020-08-13,GRO,12883,127,979,8,8681,73,1527,3,45,0,386,2,831,526,730,42,241,38
2020-08-14,GRO,13025,142,1028,49,8765,84,1539,12,41,-4,388,2,841,570,687,41,332,50
2020-08-15,GRO,13141,116,1085,57,8814,49,1547,8,41,0,391,3,744,601,527,36,255,42
2020-08-16,GRO,13254,113,982,-103,8937,123,1552,5,42,1,391,0,679,480,477,39,178,73
2020-08-17,GRO,13440,186,785,-197,9029,92,1558,6,43,1,392,1,710,286,478,49,110,41
2020-08-18,GRO,13528,88,807,22,9106,77,1576,18,47,4,400,8,689,312,492,42,146,47
2020-08-19,GRO,13659,131,801,-6,9200,94,1594,18,48,1,404,4,673,320,513,60,186,55
2020-08-20,GRO,13752,93,886,85,9248,48,1607,13,52,4,402,-2,659,423,485,74,215,52
2020-08-21,GRO,13880,128,922,36,9320,72,1615,8,51,-1,405,3,668,454,504,85,234,63
2020-08-22,GRO,14054,174,835,-87,9420,100,1629,14,45,-6,408,3,671,377,495,79,201,56
2020-08-23,GRO,14116,62,804,-31,9487,67,1633,4,45,0,408,0,645,353,477,62,172,61
2020-08-24,GRO,14198,82,731,-73,9563,76,1634,1,45,0,408,0,616,271,461,47,142,56
2020-08-25,GRO,14273,75,830,99,9601,38,1646,12,45,0,415,7,600,364,444,34,213,31
2020-08-26,GRO,14337,64,953,123,9655,54,1653,7,43,-2,416,1,567,500,433,37,270,43
2020-08-27,GRO,14432,95,1020,67,9721,66,1661,8,43,0,418,2,559,561,441,35,227,43
2020-08-28,GRO,14566,134,1110,90,9802,81,1675,14,45,2,420,2,606,637,444,39,273,50
2020-08-29,GRO,14654,88,1188,78,9921,119,1691,16,44,-1,423,3,558,696,483,35,351,61
2020-08-30,GRO,14710,56,1109,-79,10007,86,1694,3,44,0,423,0,544,603,508,31,273,58
2020-08-31,GRO,14793,83,1013,-96,10082,75,1697,3,46,2,423,0,539,497,520,32,167,49
2020-09-01,GRO,14893,100,1105,92,10175,93,1711,14,50,4,423,0,510,596,530,25,229,33
2020-09-02,GRO,15033,140,1129,24,10298,123,1717,6,48,-2,426,3,549,617,587,27,279,39
2020-09-03,GRO,15163,130,1202,73,10408,110,1724,7,45,-3,428,2,527,682,540,44,353,43
2020-09-04,GRO,15263,100,1253,51,10521,113,1728,4,44,-1,429,1,518,728,566,44,349,46
2020-09-05,GRO,15404,141,1288,35,10625,104,1730,2,45,1,431,2,572,756,598,65,395,62
2020-09-06,GRO,15548,144,1128,-160,10746,121,1739,9,41,-4,432,1,636,625,614,56,298,67
2020-09-07,GRO,15682,134,922,-206,10890,144,1745,6,39,-2,433,1,662,425,637,49,208,69
2020-09-08,GRO,15833,151,1057,135,10939,49,1755,10,41,2,436,3,688,557,555,43,301,49
2020-09-09,GRO,15950,117,1166,109,10980,41,1777,22,37,-4,438,2,681,677,511,37,308,22
2020-09-10,GRO,16143,193,1218,52,11037,57,1800,23,41,4,442,4,775,732,468,84,293,19
2020-09-11,GRO,16252,109,1310,92,11116,79,1804,4,41,0,446,4,730,818,434,72,303,30
2020-09-12,GRO,16354,102,1487,177,11190,74,1812,8,43,2,448,2,745,989,448,52,396,33
2020-09-13,GRO,16454,100,1415,-72,11266,76,1815,3,43,0,449,1,729,911,441,48,337,36
2020-09-14,GRO,16600,146,1267,-148,11373,107,1816,1,41,-2,450,1,762,744,467,55,199,58
2020-09-15,GRO,16734,134,1389,122,11469,96,1832,16,38,-3,458,8,703,861,461,31,313,38
2020-09-16,GRO,16854,120,1454,65,11565,96,1842,10,40,2,463,5,623,926,449,17,382,17
2020-09-17,GRO,17035,181,1308,-146,11658,93,1845,3,40,0,464,1,629,793,437,11,261,21
2020-09-18,GRO,17182,147,1436,128,11746,88,1856,11,37,-3,467,3,637,915,437,19,330,30
2020-09-19,GRO,17335,153,1473,37,11822,76,1865,9,38,1,471,4,627,942,437,33,315,16
2020-09-20,GRO,17367,32,1518,45,11842,20,1868,3,38,0,472,1,572,981,389,17,278,6
2020-09-21,GRO,17545,178,1250,-268,12018,176,1873,5,35,-3,474,2,606,704,468,18,210,14
2020-09-22,GRO,17659,114,1355,105,12081,63,1878,5,39,4,475,1,569,803,415,12,257,12
2020-09-23,GRO,17822,163,1424,69,12180,99,1889,11,36,-3,479,4,552,892,397,7,370,13
2020-09-24,GRO,18031,209,1471,47,12268,88,1895,6,39,3,482,3,539,961,357,16,438,21
2020-09-25,GRO,18180,149,1534,63,12350,82,1904,9,38,-1,483,1,566,1027,354,21,459,31
2020-09-26,GRO,18400,220,1454,-80,12458,108,1915,11,35,-3,484,1,664,956,374,52,407,36
2020-09-27,GRO,18510,110,1359,-95,12536,78,1920,5,35,0,484,0,672,855,394,24,273,31
2020-09-28,GRO,18655,145,1149,-210,12663,127,1926,6,35,0,487,3,712,632,470,27,160,35
