Fecha,Estado,Positivos,Positivos_Delta,Sospechosos,Sospechosos_Delta,Negativos,Negativos_Delta,Defunciones_Positivos,Defunciones_Positivos_Delta,Defunciones_Sospechosos,Defunciones_Sospechosos_Delta,Defunciones_Negativos,Defunciones_Negativos_Delta,Positivos_Sintomas_14_Dias,Sospechosos_Sintomas_14_Dias,Negativos_Sintomas_14_Dias,Positivos_Sintomas_7_Dias,Sospechosos_Sintomas_7_Dias,Negativos_Sintomas_7_Dias
2020-04-12,CAM,20,0,11,0,75,0,0,0,0,0,1,0,8,10,29,2,7,7
2020-04-13,CAM,22,2,29,18,80,5,1,1,0,0,1,0,9,28,28,0,24,8
2020-04-14,CAM,25,3,26,-3,100,20,1,0,0,0,1,0,11,25,44,2,21,22
2020-04-15,CAM,28,3,31,5,104,4,1,0,0,0,1,0,11,29,46,1,22,23
2020-04-16,CAM,28,0,43,12,111,7,2,1,0,0,1,0,10,41,52,1,29,24
2020-04-17,CAM,29,1,37,-6,124,13,2,0,0,0,1,0,9,34,59,1,22,22
2020-04-18,CAM,37,8,25,-12,133,9,2,0,0,0,1,0,14,24,62,0,20,27
2020-04-19,CAM,38,1,21,-4,140,7,3,1,0,0,1,0,13,19,68,0,14,10
2020-04-20,CAM,43,5,28,7,144,4,3,0,1,1,1,0,16,26,66,1,21,5
2020-04-21,CAM,46,3,19,-9,164,20,3,0,0,-1,3,2,18,17,82,3,9,21
2020-04-22,CAM,49,3,19,0,172,8,4,1,1,1,3,0,17,17,84,2,7,18
2020-04-23,CAM,49,0,23,4,179,7,5,1,2,1,3,0,16,21,83,0,9,18
2020-04-24,CAM,60,11,12,-11,192,13,8,3,0,-2,4,1,23,12,81,5,4,22
2020-04-25,CAM,63,3,36,24,194,2,9,1,0,0,4,0,21,36,81,5,28,12
2020-04-26,CAM,69,6,41,5,222,28,12,3,0,0,5,1,25,41,82,2,27,23
2020-04-27,CAM,76,7,23,-18,237,15,13,1,0,0,5,0,27,23,85,7,12,26
2020-04-28,CAM,81,5,39,16,246,9,16,3,0,0,7,2,30,38,91,8,16,28
2020-04-29,CAM,87,6,27,-12,256,10,17,1,0,0,7,0,31,26,92,7,12,32
2020-04-30,CAM,93,6,28,1,270,14,17,0,0,0,7,0,33,25,95,7,8,33
2020-05-01,CAM,100,7,24,-4,284,14,17,0,0,0,7,0,36,24,100,6,10,13
2020-05-02,CAM,109,9,17,-7,296,12,20,3,1,1,7,0,41,17,94,6,6,17
2020-05-03,CAM,113,4,21,4,300,4,20,0,1,0,7,0,39,21,87,7,12,15
2020-05-04,CAM,122,9,28,7,305,5,21,1,0,-1,10,3,40,26,77,11,12,15
2020-05-05,CAM,125,3,49,21,311,6,22,1,0,0,10,0,39,46,78,11,26,15
2020-05-06,CAM,147,22,38,-11,322,11,23,1,1,1,11,1,51,34,85,14,25,22
2020-05-07,CAM,157,10,41,3,335,13,24,1,0,-1,12,1,56,38,86,15,28,19
2020-05-08,CAM,166,9,40,-1,349,14,25,1,0,0,12,0,56,37,71,9,22,18
2020-05-09,CAM,181,15,29,-11,362,13,25,0,0,0,12,0,59,29,78,13,16,16
2020-05-10,CAM,193,12,42,13,374,12,25,0,0,0,12,0,68,41,86,15,19,16
2020-05-11,CAM,209,16,24,-18,393,19,28,3,0,0,13,1,72,23,95,11,10,21
2020-05-12,CAM,211,2,68,44,394,1,28,0,0,0,13,0,70,65,89,7,37,15
2020-05-13,CAM,226,15,64,-4,412,18,28,0,1,1,13,0,75,59,104,8,36,16
2020-05-14,CAM,253,27,62,-2,430,18,29,1,0,-1,14,1,93,57,102,18,34,21
2020-05-15,CAM,280,27,36,-26,456,26,31,2,0,0,15,1,101,33,106,20,18,24
2020-05-16,CAM,288,8,60,24,465,9,32,1,1,1,16,1,94,57,102,18,38,25
2020-05-17,CAM,296,8,81,21,479,14,34,2,1,0,16,0,91,77,102,7,55,25
2020-05-18,CAM,306,10,87,6,483,4,35,1,3,2,16,0,82,84,96,4,53,15
2020-05-19,CAM,319,13,92,5,498,15,40,5,1,-2,19,3,78,89,99,8,38,17
2020-05-21,CAM,354,35,102,10,556,58,44,4,1,0,20,1,94,93,129,11,48,21
2020-05-22,CAM,378,24,90,-12,583,27,44,0,0,-1,21,1,100,85,133,14,44,20
2020-05-23,CAM,406,28,73,-17,599,16,46,2,0,0,21,0,112,69,140,15,41,19
2020-05-24,CAM,429,23,62,-11,618,19,46,0,0,0,21,0,113,56,139,10,34,17
2020-05-25,CAM,443,14,74,12,637,19,48,2,1,1,21,0,102,67,139,13,40,20
2020-05-26,CAM,452,9,129,55,653,16,55,7,1,0,21,0,88,117,131,11,70,19
2020-05-27,CAM,486,34,124,-5,689,36,59,4,0,-1,23,2,108,112,138,13,67,25
2020-05-28,CAM,522,36,119,-5,718,29,63,4,0,0,25,2,125,108,152,24,58,33
2020-05-29,CAM,535,13,152,33,752,34,66,3,1,1,26,1,123,137,160,17,77,44
2020-05-30,CAM,563,28,129,-23,792,40,68,2,1,0,26,0,128,114,178,17,68,42
2020-05-31,CAM,583,20,140,11,827,35,74,6,1,0,26,0,127,124,191,21,63,48
2020-06-01,CAM,608,25,90,-50,882,55,75,1,0,-1,27,1,136,78,223,11,34,43
2020-06-02,CAM,612,4,130,40,899,17,75,0,1,1,27,0,122,118,220,8,55,40
2020-06-03,CAM,635,23,133,3,935,36,77,2,0,-1,31,4,119,117,227,7,53,45
2020-06-04,CAM,679,44,126,-7,999,64,86,9,0,0,35,4,139,104,269,16,49,50
2020-06-05,CAM,688,9,182,56,1031,32,86,0,0,0,35,0,121,158,275,4,76,41
2020-06-06,CAM,727,39,154,-28,1073,42,88,2,0,0,35,0,128,131,282,15,65,30
2020-06-07,CAM,757,30,133,-21,1109,36,89,1,0,0,35,0,134,114,285,16,57,41
2020-06-08,CAM,792,35,158,25,1137,28,90,1,1,1,35,0,130,136,258,21,86,40
2020-06-09,CAM,814,22,172,14,1178,41,96,6,7,6,36,1,138,150,277,28,74,77
2020-06-10,CAM,848,34,231,59,1205,27,101,5,6,-1,37,1,154,205,262,34,114,74
2020-06-11,CAM,904,56,175,-56,1325,120,107,6,2,-4,37,0,189,151,330,52,77,127
2020-06-12,CAM,925,21,230,55,1347,22,111,4,2,0,38,1,186,199,307,38,104,115
2020-06-13,CAM,963,38,256,26,1377,30,117,6,2,0,39,1,196,220,297,39,126,101
2020-06-14,CAM,997,34,225,-31,1422,45,119,2,2,0,40,1,204,188,319,29,91,73
2020-06-15,CAM,1032,35,229,4,1445,23,121,2,1,-1,40,0,201,187,288,20,84,43
2020-06-16,CAM,1056,24,257,28,1491,46,124,3,3,2,41,1,195,219,308,11,108,38
2020-06-17,CAM,1096,40,315,58,1522,31,126,2,2,-1,41,0,200,266,311,13,129,30
2020-06-18,CAM,1154,58,368,53,1536,14,134,8,2,0,42,1,226,320,282,17,147,20
2020-06-19,CAM,1207,53,403,35,1608,72,138,4,2,0,42,0,223,358,307,20,154,32
2020-06-20,CAM,1254,47,445,42,1649,41,141,3,1,-1,42,0,224,395,310,15,152,19
2020-06-21,CAM,1324,70,358,-87,1712,63,141,0,1,0,42,0,236,310,299,20,107,41
2020-06-22,CAM,1383,59,345,-13,1747,35,146,5,1,0,42,0,232,294,277,13,89,32
2020-06-23,CAM,1436,53,393,48,1762,15,150,4,2,1,43,1,238,326,257,8,108,22
2020-06-24,CAM,1503,67,478,85,1782,20,154,4,2,0,45,2,229,399,225,6,156,19
2020-06-25,CAM,1581,78,492,14,1831,49,160,6,2,0,45,0,247,409,224,10,140,25
2020-06-26,CAM,1654,73,520,28,1888,57,166,6,2,0,46,1,250,442,244,10,153,31
2020-06-27,CAM,1717,63,511,-9,1912,24,174,8,2,0,46,0,225,429,221,11,93,17
2020-06-28,CAM,1810,93,431,-80,1949,37,179,5,1,-1,46,0,246,364,232,15,64,30
2020-06-29,CAM,1859,49,439,8,1976,27,182,3,2,1,46,0,211,355,210,17,78,22
2020-06-30,CAM,1916,57,520,81,1994,18,191,9,6,4,47,1,199,423,193,8,123,10
2020-07-01,CAM,1998,82,512,-8,2013,19,202,11,5,-1,49,2,222,413,203,13,116,20
2020-07-02,CAM,2092,94,516,4,2059,46,209,7,7,2,53,4,227,412,202,10,146,27
2020-07-03,CAM,2170,78,531,15,2125,66,220,11,9,2,54,1,233,409,229,11,153,28
2020-07-04,CAM,2261,91,513,-18,2140,15,226,6,8,-1,54,0,206,399,193,13,136,19
2020-07-05,CAM,2379,118,400,-113,2215,75,237,11,2,-6,55,1,242,304,231,21,86,20
2020-07-06,CAM,2452,73,391,-9,2242,27,241,4,2,0,55,0,248,297,221,17,76,19
2020-07-07,CAM,2523,71,374,-17,2304,62,250,9,2,0,57,2,250,286,222,13,79,13
2020-07-08,CAM,2606,83,394,20,2333,29,257,7,1,-1,58,1,257,284,201,11,70,7
2020-07-09,CAM,2693,87,404,10,2368,35,258,1,1,0,58,0,252,304,179,12,69,2
2020-07-10,CAM,2764,71,459,55,2389,21,263,5,1,0,58,0,244,336,147,8,91,3
2020-07-11,CAM,2847,83,461,2,2413,24,269,6,1,0,60,2,267,325,131,15,86,6
2020-07-12,CAM,2931,84,351,-110,2506,93,276,7,2,1,63,3,276,242,158,21,49,11
2020-07-13,CAM,2966,35,440,89,2505,-1,283,7,4,2,63,0,250,309,120,15,67,8
2020-07-14,CAM,3102,136,350,-90,2587,82,297,14,5,1,65,2,316,229,152,16,69,9
2020-07-15,CAM,3182,80,327,-23,2629,42,307,10,6,1,65,0,289,185,134,20,60,13
2020-07-16,CAM,3264,82,393,66,2669,40,318,11,5,-1,66,1,272,258,129,21,109,12
2020-07-17,CAM,3321,57,500,107,2671,2,327,9,7,2,69,3,254,348,113,14,126,8
2020-07-18,CAM,3457,136,392,-108,2771,100,340,13,4,-3,72,3,305,264,175,24,89,17
2020-07-19,CAM,3552,95,314,-78,2828,57,345,5,2,-2,73,1,322,203,187,26,61,27
2020-07-20,CAM,3626,74,289,-25,2852,24,358,13,3,1,74,1,328,175,178,28,53,16
2020-07-21,CAM,3667,41,382,93,2874,22,374,16,4,1,75,1,303,253,160,15,84,20
2020-07-22,CAM,3779,112,399,17,2939,65,384,10,5,1,77,2,338,272,191,17,80,28
2020-07-23,CAM,3845,66,511,112,2988,49,394,10,6,1,84,7,335,332,210,11,109,21
2020-07-24,CAM,4039,194,389,-122,3093,105,406,12,3,-3,87,3,402,185,247,45,66,42
2020-07-25,CAM,4159,120,302,-87,3205,112,417,11,4,1,90,3,395,178,256,37,73,51
2020-07-26,CAM,4248,89,235,-67,3236,31,424,7,4,0,90,0,412,109,258,37,36,55
2020-07-27,CAM,4261,13,239,4,3246,10,431,7,3,-1,92,2,361,111,231,14,30,33
2020-07-28,CAM,4267,6,311,72,3271,25,446,15,5,2,95,3,300,187,207,7,47,19
2020-07-29,CAM,4376,109,261,-50,3334,63,452,6,4,-1,98,3,279,166,204,8,53,14
2020-07-30,CAM,4448,72,251,-10,3410,76,458,6,3,-1,98,0,285,154,243,24,48,38
2020-07-31,CAM,4480,32,285,34,3458,48,471,13,3,0,99,1,280,175,243,27,73,23
2020-08-01,CAM,4588,108,203,-82,3534,76,500,29,4,1,109,10,309,122,270,31,37,38
2020-08-02,CAM,4641,53,154,-49,3578,44,511,11,3,-1,112,3,292,71,286,34,31,36
2020-08-03,CAM,4672,31,150,-4,3588,10,512,1,3,0,113,1,246,61,220,25,18,26
2020-08-04,CAM,4700,28,237,87,3610,22,523,11,5,2,115,2,230,139,210,17,38,14
2020-08-05,CAM,4752,52,195,-42,3693,83,530,7,5,0,117,2,227,104,246,11,38,25
2020-08-06,CAM,4836,84,193,-2,3751,58,557,27,4,-1,124,7,257,102,277,20,57,38
2020-08-07,CAM,4889,53,274,81,3801,50,571,14,3,-1,129,5,250,191,275,30,130,49
2020-08-08,CAM,4940,51,195,-79,3887,86,588,17,4,1,134,5,235,112,301,23,38,48
2020-08-09,CAM,4986,46,114,-81,3939,52,592,4,3,-1,134,0,238,30,319,17,9,41
2020-08-10,CAM,4997,11,132,18,3946,7,606,14,2,-1,136,2,194,54,267,5,28,16
2020-08-11,CAM,5005,8,197,65,3967,21,628,22,4,2,139,3,149,116,249,2,46,24
2020-08-12,CAM,5062,57,176,-21,4005,38,637,9,3,-1,139,0,167,102,256,10,34,30
2020-08-13,CAM,5083,21,162,-14,4063,58,646,9,3,0,142,3,150,105,277,12,53,37
2020-08-14,CAM,5120,37,187,25,4107,44,654,8,3,0,143,1,169,130,286,16,61,48
2020-08-15,CAM,5175,55,125,-62,4162,55,670,16,3,0,144,1,156,69,228,21,33,37
2020-08-16,CAM,5190,15,94,-31,4205,43,679,9,2,-1,146,2,136,41,224,16,24,38
2020-08-17,CAM,5195,5,88,-6,4246,41,684,5,2,0,146,0,116,34,217,9,15,26
2020-08-18,CAM,5204,9,172,84,4263,17,699,15,4,2,147,1,100,113,209,3,45,21
2020-08-19,CAM,5232,28,169,-3,4353,90,703,4,3,-1,147,0,103,120,248,7,53,34
2020-08-20,CAM,5265,33,169,0,4441,88,704,1,4,1,148,1,115,128,300,12,78,56
2020-08-21,CAM,5289,24,269,100,4492,51,710,6,4,0,149,1,123,230,312,14,153,53
2020-08-22,CAM,5328,39,303,34,4592,100,713,3,4,0,149,0,131,260,356,17,161,44
2020-08-23,CAM,5351,23,276,-27,4679,87,715,2,4,0,150,1,130,223,409,17,96,56
2020-08-24,CAM,5389,38,185,-91,4746,67,719,4,4,0,151,1,137,143,387,17,49,37
2020-08-25,CAM,5416,27,165,-20,4832,86,726,7,6,2,154,3,142,119,423,9,63,40
2020-08-26,CAM,5442,26,229,64,4889,57,729,3,6,0,156,2,141,186,411,8,85,49
2020-08-27,CAM,5484,42,135,-94,5021,132,731,2,5,-1,156,0,161,100,506,12,48,40
2020-08-28,CAM,5505,21,173,38,5057,36,735,4,5,0,161,5,158,136,500,11,66,38
2020-08-29,CAM,5538,33,187,14,5135,78,735,0,5,0,162,1,150,147,480,15,72,47
2020-08-30,CAM,5567,29,175,-12,5202,67,736,1,5,0,162,0,155,134,458,17,72,56
2020-08-31,CAM,5586,19,75,-100,5294,92,742,6,5,0,164,2,148,35,465,18,14,70
2020-09-01,CAM,5592,6,145,70,5311,17,746,4,5,0,164,0,130,104,406,10,53,26
2020-09-02,CAM,5619,27,182,37,5351,40,750,4,6,1,164,0,127,134,381,12,69,25
2020-09-03,CAM,5642,23,142,-40,5446,95,762,12,7,1,164,0,106,97,348,10,45,58
2020-09-04,CAM,5670,28,157,15,5517,71,765,3,6,-1,166,2,107,104,351,8,54,42
2020-09-05,CAM,5694,24,231,74,5587,70,766,1,6,0,168,2,112,179,375,15,67,52
2020-09-06,CAM,5710,16,181,-50,5661,74,768,2,6,0,169,1,112,134,404,11,28,45
2020-09-07,CAM,5713,3,93,-88,5756,95,769,1,6,0,169,0,95,44,430,6,8,40
2020-09-08,CAM,5732,19,90,-3,5794,38,772,3,7,1,170,1,94,40,364,10,14,24
2020-09-09,CAM,5744,12,122,32,5837,43,774,2,6,-1,174,4,88,72,355,7,38,32
2020-09-10,CAM,5754,10,133,11,5900,63,775,1,6,0,176,2,77,83,370,9,28,52
2020-09-11,CAM,5761,7,124,-9,5963,63,776,1,6,0,176,0,70,74,363,6,48,61
2020-09-12,CAM,5772,11,246,122,6009,46,776,0,6,0,176,0,72,179,336,10,104,72
2020-09-13,CAM,5795,23,150,-96,6092,83,776,0,6,0,177,1,76,98,344,12,52,95
2020-09-14,CAM,5816,21,67,-83,6175,83,779,3,6,0,182,5,81,18,390,14,10,103
2020-09-15,CAM,5820,4,140,73,6178,3,782,3,6,0,183,1,63,90,291,10,41,74
2020-09-16,CAM,5834,14,84,-56,6264,86,784,2,6,0,183,0,63,34,345,10,22,73
2020-09-17,CAM,5836,2,66,-18,6284,20,785,1,6,0,183,0,62,16,338,4,5,54
2020-09-18,CAM,5837,1,124,58,6292,8,789,4,6,0,184,1,52,84,320,4,62,34
2020-09-19,CAM,5851,14,167,43,6370,78,792,3,6,0,184,0,55,126,348,6,52,76
2020-09-20,CAM,5863,12,185,18,6424,54,793,1,6,0,184,0,59,141,368,7,81,71
2020-09-21,CAM,5869,6,132,-53,6477,53,794,1,6,0,184,0,58,88,360,1,46,75
2020-09-22,CAM,5890,21,105,-27,6534,57,803,9,6,0,186,2,69,67,370,7,35,70
