Fecha,Estado,Positivos,Positivos_Delta,Sospechosos,Sospechosos_Delta,Negativos,Negativos_Delta,Defunciones_Positivos,Defunciones_Positivos_Delta,Defunciones_Sospechosos,Defunciones_Sospechosos_Delta,Defunciones_Negativos,Defunciones_Negativos_Delta,Positivos_Sintomas_14_Dias,Sospechosos_Sintomas_14_Dias,Negativos_Sintomas_14_Dias,Positivos_Sintomas_7_Dias,Sospechosos_Sintomas_7_Dias,Negativos_Sintomas_7_Dias
2020-04-12,YUC,109,0,77,0,498,0,6,0,1,0,2,0,35,53,184,8,25,39
2020-04-13,YUC,116,7,101,24,500,2,6,0,2,1,2,0,38,71,156,7,42,22
2020-04-14,YUC,119,3,152,51,516,16,7,1,1,-1,4,2,36,117,151,5,77,26
2020-04-15,YUC,132,13,166,14,529,13,7,0,0,-1,6,2,44,126,131,9,85,21
2020-04-16,YUC,136,4,181,15,550,21,7,0,0,0,6,0,45,143,128,8,98,26
2020-04-17,YUC,145,9,214,33,551,1,8,1,4,4,6,0,45,174,121,13,112,24
2020-04-18,YUC,177,32,104,-110,639,88,10,2,2,-2,8,2,73,76,191,26,58,42
2020-04-19,YUC,180,3,108,4,650,11,10,0,2,0,8,0,73,75,187,17,48,31
2020-04-20,YUC,195,15,68,-40,692,42,10,0,2,0,9,1,76,39,202,15,25,44
2020-04-21,YUC,199,4,57,-11,703,11,12,2,1,-1,9,0,72,51,192,12,36,31
2020-04-22,YUC,204,5,64,7,734,31,15,3,0,-1,12,3,63,56,190,5,36,25
2020-04-23,YUC,238,34,59,-5,792,58,18,3,0,0,13,1,92,51,228,16,35,47
2020-04-24,YUC,248,10,84,25,806,14,19,1,0,0,13,0,95,77,214,15,64,27
2020-04-25,YUC,302,54,87,3,879,73,20,1,0,0,18,5,112,82,255,28,67,45
2020-04-26,YUC,323,21,79,-8,909,30,20,0,2,2,20,2,116,75,255,30,57,48
2020-04-27,YUC,353,30,109,30,964,55,23,3,1,-1,25,5,131,105,282,30,78,56
2020-04-28,YUC,378,25,193,84,996,32,23,0,2,1,27,2,146,179,280,26,149,62
2020-04-29,YUC,404,26,210,17,1036,40,26,3,3,1,28,1,157,206,287,30,175,70
2020-04-30,YUC,448,44,259,49,1079,43,26,0,3,0,30,2,187,251,311,51,209,85
2020-05-01,YUC,489,41,204,-55,1195,116,30,4,2,-1,30,0,210,201,380,53,170,153
2020-05-02,YUC,533,44,162,-42,1252,57,30,0,2,0,30,0,230,158,402,64,121,176
2020-05-03,YUC,588,55,98,-64,1300,48,31,1,2,0,32,2,261,97,423,69,76,164
2020-05-04,YUC,608,20,192,94,1314,14,31,0,1,-1,32,0,254,152,398,42,128,98
2020-05-05,YUC,648,40,151,-41,1374,60,33,2,2,1,35,3,263,149,441,46,121,85
2020-05-06,YUC,688,40,157,6,1431,57,36,3,1,-1,39,4,288,152,460,60,128,103
2020-05-07,YUC,727,39,183,26,1482,51,39,3,1,0,39,0,296,176,476,54,146,105
2020-05-08,YUC,753,26,211,28,1544,62,47,8,1,0,41,2,284,199,500,48,151,132
2020-05-09,YUC,791,38,161,-50,1638,94,47,0,3,2,42,1,288,131,555,53,92,148
2020-05-10,YUC,829,38,110,-51,1681,43,47,0,2,-1,43,1,287,106,537,59,72,145
2020-05-11,YUC,848,19,146,36,1718,37,50,3,2,0,44,1,254,135,490,44,104,107
2020-05-12,YUC,883,35,197,51,1747,29,53,3,3,1,45,1,256,185,446,45,147,73
2020-05-13,YUC,924,41,186,-11,1813,66,53,0,4,1,47,2,278,184,474,53,143,86
2020-05-14,YUC,972,48,208,22,1877,64,61,8,5,1,53,6,284,203,483,70,153,102
2020-05-15,YUC,1025,53,254,46,1935,58,67,6,5,0,54,1,297,246,487,79,193,123
2020-05-16,YUC,1082,57,167,-87,2021,86,75,8,5,0,55,1,319,154,505,88,107,152
2020-05-17,YUC,1113,31,154,-13,2070,49,76,1,5,0,55,0,323,142,509,66,92,131
2020-05-18,YUC,1151,38,186,32,2098,28,79,3,6,1,55,0,321,169,463,60,112,103
2020-05-19,YUC,1204,53,239,53,2126,28,82,3,6,0,57,2,340,222,422,72,160,91
2020-05-21,YUC,1323,119,219,-20,2275,149,98,16,5,-1,67,10,388,199,482,100,161,134
2020-05-22,YUC,1365,42,339,120,2360,85,107,9,6,1,68,1,384,207,529,87,162,158
2020-05-23,YUC,1419,54,302,-37,2410,50,108,1,7,1,68,0,399,167,521,90,127,155
2020-05-24,YUC,1487,68,256,-46,2458,48,114,6,5,-2,71,3,408,122,502,99,85,131
2020-05-25,YUC,1522,35,303,47,2496,38,121,7,5,0,71,0,390,169,480,78,128,107
2020-05-26,YUC,1567,45,358,55,2554,58,126,5,5,0,73,2,392,221,498,85,176,111
2020-05-27,YUC,1602,35,426,68,2579,25,130,4,6,1,77,4,389,281,473,68,224,77
2020-05-28,YUC,1661,59,371,-55,2739,160,137,7,5,-1,82,5,403,270,541,74,219,134
2020-05-29,YUC,1696,35,377,6,2819,80,140,3,5,0,83,1,377,278,550,61,221,145
2020-05-30,YUC,1771,75,338,-39,2893,74,144,4,6,1,85,2,399,237,568,87,179,172
2020-05-31,YUC,1823,52,320,-18,2945,52,153,9,6,0,85,0,405,219,551,67,161,154
2020-06-01,YUC,1863,40,364,44,2977,32,162,9,6,0,89,4,387,258,523,54,190,117
2020-06-02,YUC,1919,56,325,-39,3068,91,171,9,8,2,95,6,411,215,556,62,146,126
2020-06-03,YUC,1961,42,318,-7,3124,56,190,19,3,-5,101,6,387,207,546,67,137,128
2020-06-04,YUC,2012,51,249,-69,3201,77,200,10,2,-1,106,5,383,150,560,74,84,127
2020-06-05,YUC,2059,47,216,-33,3263,62,205,5,1,-1,107,1,373,113,565,65,84,109
2020-06-06,YUC,2100,41,203,-13,3280,17,206,1,2,1,109,2,368,97,534,71,63,88
2020-06-07,YUC,2130,30,215,12,3298,18,206,0,3,1,110,1,332,105,475,71,66,67
2020-06-08,YUC,2150,20,328,113,3317,19,209,3,7,4,111,1,302,212,411,43,159,39
2020-06-09,YUC,2195,45,387,59,3376,59,217,8,6,-1,116,5,295,271,389,48,201,65
2020-06-10,YUC,2285,90,383,-4,3419,43,223,6,6,0,117,1,345,267,369,79,210,78
2020-06-11,YUC,2340,55,380,-3,3520,101,230,7,7,1,116,-1,366,280,391,87,230,139
2020-06-12,YUC,2423,83,388,8,3619,99,238,8,7,0,117,1,396,337,414,112,284,163
2020-06-13,YUC,2487,64,371,-17,3660,41,243,5,1,-6,119,2,419,321,407,124,255,146
2020-06-14,YUC,2526,39,344,-27,3739,79,245,2,1,0,119,0,426,296,439,108,231,143
2020-06-15,YUC,2581,55,415,71,3792,53,253,8,3,2,120,1,415,369,437,84,291,124
2020-06-16,YUC,2686,105,382,-33,3915,123,272,19,2,-1,125,5,472,338,527,102,273,171
2020-06-17,YUC,2772,86,369,-13,4042,127,298,26,1,-1,127,2,513,325,626,100,260,184
2020-06-18,YUC,2867,95,363,-6,4112,70,302,4,1,0,130,3,553,328,660,133,251,175
2020-06-19,YUC,2984,117,394,31,4219,107,316,14,1,0,134,4,624,354,713,165,287,199
2020-06-20,YUC,3077,93,420,26,4274,55,321,5,1,0,134,0,647,388,705,174,320,188
2020-06-21,YUC,3158,81,369,-51,4337,63,324,3,1,0,135,1,677,333,687,172,270,150
2020-06-22,YUC,3239,81,428,59,4417,80,328,4,2,1,137,2,670,388,688,156,289,159
2020-06-23,YUC,3409,170,374,-54,4508,91,336,8,3,1,140,3,762,337,718,185,268,157
2020-06-24,YUC,3529,120,458,84,4625,117,351,15,3,0,143,3,786,411,720,207,346,183
2020-06-25,YUC,3670,141,491,33,4713,88,364,13,4,1,145,2,858,440,729,208,344,183
2020-06-26,YUC,3803,133,492,1,4827,114,373,9,5,1,147,2,920,446,769,228,342,237
2020-06-27,YUC,3986,183,353,-139,4942,115,386,13,3,-2,152,5,1024,304,829,246,199,221
2020-06-28,YUC,4138,152,342,-11,5002,60,388,2,4,1,154,2,1096,291,796,254,204,186
2020-06-29,YUC,4223,85,545,203,5091,89,392,4,2,-2,155,1,1066,484,809,198,392,191
2020-06-30,YUC,4394,171,685,140,5206,115,408,16,2,0,158,3,1110,620,835,246,527,224
2020-07-01,YUC,4509,115,924,239,5317,111,437,29,2,0,161,3,1136,871,856,228,756,235
2020-07-02,YUC,4601,92,960,36,5515,198,459,22,5,3,163,2,1072,901,955,192,738,346
2020-07-03,YUC,4841,240,755,-205,5870,355,470,11,4,-1,164,1,1182,694,1244,248,571,586
2020-07-04,YUC,4972,131,585,-170,6128,258,473,3,6,2,164,0,1144,512,1371,235,409,700
2020-07-05,YUC,5087,115,538,-47,6248,120,476,3,4,-2,165,1,1132,460,1401,212,347,680
2020-07-06,YUC,5229,142,508,-30,6373,125,494,18,6,2,168,3,1117,422,1433,204,323,406
2020-07-07,YUC,5355,126,629,121,6520,147,514,20,5,-1,171,3,1118,542,1496,218,416,349
2020-07-08,YUC,5538,183,758,129,6648,128,530,16,6,1,179,8,1182,672,1511,244,552,270
2020-07-09,YUC,5697,159,805,47,6825,177,548,18,5,-1,184,5,1188,722,1591,237,618,277
2020-07-10,YUC,5890,193,766,-39,7002,177,563,15,2,-3,192,8,1220,678,1654,263,574,327
2020-07-11,YUC,6071,181,508,-258,7219,217,569,6,3,1,193,1,1257,415,1743,327,305,456
2020-07-12,YUC,6215,144,428,-80,7362,143,573,4,3,0,193,0,1259,320,1739,269,229,370
2020-07-13,YUC,6320,105,561,133,7413,51,578,5,2,-1,194,1,1221,448,1395,207,327,290
2020-07-14,YUC,6584,264,483,-78,7551,138,594,16,3,1,196,2,1353,364,1327,261,249,257
2020-07-15,YUC,6674,90,540,57,7621,70,602,8,3,0,203,7,1266,412,1177,229,267,152
2020-07-16,YUC,6872,198,460,-80,7742,121,645,43,3,0,206,3,1301,340,1134,292,202,180
2020-07-17,YUC,6933,61,673,213,7793,51,671,26,9,6,207,1,1204,533,1064,181,349,123
2020-07-18,YUC,7068,135,713,40,7930,137,679,8,5,-4,212,5,1199,561,1121,198,385,155
2020-07-19,YUC,7226,158,594,-119,8092,162,686,7,6,1,213,1,1186,438,1046,201,259,215
2020-07-20,YUC,7302,76,663,69,8135,43,694,8,4,-2,217,4,1089,496,946,130,290,173
2020-07-21,YUC,7483,181,717,54,8247,112,714,20,5,1,221,4,1072,535,889,172,316,182
2020-07-22,YUC,7661,178,800,83,8366,119,729,15,5,0,223,2,1102,603,829,192,366,156
2020-07-23,YUC,7964,303,802,2,8489,123,749,20,6,1,226,3,1276,612,856,265,401,141
2020-07-24,YUC,8145,181,821,19,8644,155,766,17,8,2,228,2,1241,614,879,251,391,189
2020-07-25,YUC,8406,261,777,-44,8839,195,787,21,10,2,231,3,1343,594,974,255,426,255
2020-07-26,YUC,8626,220,586,-191,9015,176,798,11,9,-1,237,6,1397,389,1057,287,240,315
2020-07-27,YUC,8753,127,563,-23,9089,74,810,12,9,0,244,7,1354,377,1028,207,221,229
2020-07-28,YUC,8941,188,646,83,9219,130,823,13,9,0,248,4,1390,450,1062,235,276,209
2020-07-29,YUC,9090,149,846,200,9333,114,826,3,11,2,248,0,1363,649,1027,228,454,185
2020-07-30,YUC,9438,348,681,-165,9541,208,843,17,13,2,250,2,1528,519,1087,317,353,242
2020-07-31,YUC,9630,192,910,229,9660,119,859,16,11,-2,254,4,1500,744,1089,314,507,237
2020-08-01,YUC,10098,468,573,-337,9860,200,875,16,12,1,265,11,1773,406,1182,421,251,240
2020-08-02,YUC,10284,186,529,-44,9964,104,887,12,13,1,269,4,1764,359,1167,383,207,217
2020-08-03,YUC,10459,175,450,-79,10056,92,901,14,12,-1,275,6,1708,283,1067,288,167,172
2020-08-04,YUC,10624,165,491,41,10158,102,920,19,13,1,281,6,1714,314,1039,248,201,192
2020-08-05,YUC,10801,177,521,30,10261,103,942,22,12,-1,285,4,1710,326,1011,259,204,197
2020-08-06,YUC,11045,244,461,-60,10377,116,959,17,14,2,291,6,1726,258,991,312,168,192
2020-08-07,YUC,11210,165,450,-11,10497,120,977,18,11,-3,298,7,1660,239,975,288,178,224
2020-08-08,YUC,11413,203,480,30,10595,98,998,21,11,0,302,4,1527,257,896,219,197,183
2020-08-09,YUC,11515,102,446,-34,10701,106,1010,12,12,1,307,5,1404,216,878,192,164,183
2020-08-10,YUC,11692,177,412,-34,10787,86,1033,23,12,0,310,3,1243,221,822,167,138,181
2020-08-11,YUC,11903,211,332,-80,10884,97,1056,23,11,-1,312,2,1260,143,853,240,77,199
2020-08-12,YUC,12001,98,492,160,10936,52,1078,22,12,1,318,6,1203,295,809,183,215,152
2020-08-13,YUC,12157,156,467,-25,11050,114,1091,13,12,0,320,2,1194,268,820,187,183,152
2020-08-14,YUC,12306,149,477,10,11155,105,1109,18,12,0,321,1,1165,270,840,199,192,157
2020-08-15,YUC,12402,96,505,28,11290,135,1119,10,12,0,326,5,1040,290,844,154,232,176
2020-08-16,YUC,12571,169,408,-97,11376,86,1129,10,12,0,327,1,1061,187,824,199,136,205
2020-08-17,YUC,12681,110,422,14,11417,41,1136,7,12,0,327,0,1013,197,791,167,136,121
2020-08-18,YUC,12823,142,515,93,11456,39,1158,22,8,-4,329,2,1032,301,738,176,225,97
2020-08-19,YUC,12984,161,593,78,11549,93,1166,8,9,1,332,3,1042,376,717,206,314,122
2020-08-20,YUC,13211,227,459,-134,11705,156,1178,12,8,-1,335,3,1123,253,751,278,194,202
2020-08-21,YUC,13349,138,491,32,11785,80,1187,9,8,0,338,3,1128,292,728,248,226,203
2020-08-22,YUC,13520,171,516,25,11907,122,1208,21,5,-3,342,4,1146,315,754,276,253,223
2020-08-23,YUC,13596,76,562,46,11943,36,1215,7,2,-3,344,2,1115,363,733,224,284,174
2020-08-24,YUC,13706,110,515,-47,12035,92,1221,6,3,1,347,3,1074,311,689,182,230,161
2020-08-25,YUC,13893,187,455,-60,12143,108,1234,13,2,-1,354,7,1130,296,726,233,221,182
2020-08-26,YUC,14059,166,498,43,12206,63,1254,20,3,1,356,2,1180,336,728,261,238,157
2020-08-27,YUC,14223,164,424,-74,12293,87,1266,12,4,1,356,0,1204,259,757,262,139,163
2020-08-28,YUC,14324,101,607,183,12364,71,1280,14,4,0,360,4,1141,435,742,251,281,170
2020-08-29,YUC,14551,227,636,29,12454,90,1286,6,3,-1,363,3,1241,466,735,336,296,200
2020-08-30,YUC,14678,127,556,-80,12559,105,1290,4,2,-1,363,0,1230,382,748,315,226,227
2020-08-31,YUC,14773,95,540,-16,12619,60,1300,10,2,0,364,1,1175,333,707,252,186,203
2020-09-01,YUC,14923,150,635,95,12726,107,1306,6,2,0,368,4,1187,420,738,216,295,226
2020-09-02,YUC,15074,151,681,46,12905,179,1315,9,1,-1,370,2,1191,462,834,199,381,250
2020-09-03,YUC,15263,189,608,-73,13151,246,1336,21,1,0,375,5,1202,387,976,240,346,341
2020-09-04,YUC,15389,126,676,68,13331,180,1353,17,2,1,376,1,1181,451,1097,249,373,342
2020-09-05,YUC,15550,161,645,-31,13529,198,1360,7,3,1,377,1,1202,420,1220,312,349,435
2020-09-06,YUC,15665,115,495,-150,13717,188,1369,9,1,-2,378,1,1166,270,1331,282,198,423
2020-09-07,YUC,15768,103,407,-88,13802,85,1375,6,2,1,379,1,1098,177,1320,239,126,369
2020-09-08,YUC,15886,118,467,60,13914,112,1383,8,1,-1,384,5,1058,285,1299,208,219,297
2020-09-09,YUC,16013,127,597,130,13994,80,1387,4,1,0,386,2,1042,413,1246,217,336,264
2020-09-10,YUC,16189,176,569,-28,14137,143,1393,6,1,0,387,1,1089,387,1265,249,313,234
2020-09-11,YUC,16372,183,584,15,14295,158,1402,9,1,0,388,1,1128,400,1212,303,339,281
2020-09-12,YUC,16453,81,739,155,14407,112,1428,26,2,1,391,3,1128,556,1228,261,490,309
2020-09-13,YUC,16665,212,354,-385,14724,317,1429,1,1,-1,392,1,1206,166,1351,342,125,531
2020-09-14,YUC,16729,64,357,3,14800,76,1449,20,1,0,398,6,1110,160,1301,264,110,499
2020-09-15,YUC,16815,86,461,104,14892,92,1460,11,1,0,400,2,1066,257,1236,210,235,433
2020-09-16,YUC,16894,79,512,51,15028,136,1469,9,1,0,402,2,1019,312,1267,183,273,354
2020-09-17,YUC,16974,80,411,-101,15140,112,1472,3,1,0,402,0,964,208,1203,160,143,284
