Fecha,Estado,Positivos,Positivos_Delta,Sospechosos,Sospechosos_Delta,Negativos,Negativos_Delta,Defunciones_Positivos,Defunciones_Positivos_Delta,Defunciones_Sospechosos,Defunciones_Sospechosos_Delta,Defunciones_Negativos,Defunciones_Negativos_Delta,Positivos_Sintomas_14_Dias,Sospechosos_Sintomas_14_Dias,Negativos_Sintomas_14_Dias,Positivos_Sintomas_7_Dias,Sospechosos_Sintomas_7_Dias,Negativos_Sintomas_7_Dias
2020-04-12,MIC,61,0,121,0,442,0,9,0,2,0,8,0,24,83,171,9,43,29
2020-04-13,MIC,62,1,146,25,463,21,9,0,2,0,10,2,23,104,169,6,64,24
2020-04-14,MIC,68,6,165,19,481,18,11,2,2,0,15,5,28,128,166,3,75,24
2020-04-15,MIC,71,3,194,29,496,15,12,1,3,1,18,3,23,151,149,3,85,23
2020-04-16,MIC,85,14,233,39,507,11,13,1,4,1,18,0,33,186,129,9,99,20
2020-04-17,MIC,100,15,255,22,591,84,14,1,4,0,21,3,47,210,196,12,139,56
2020-04-18,MIC,108,8,252,-3,646,55,16,2,3,-1,22,1,53,211,222,13,149,61
2020-04-19,MIC,116,8,197,-55,700,54,17,1,3,0,22,0,57,158,252,9,94,81
2020-04-20,MIC,128,12,154,-43,763,63,17,0,3,0,25,3,60,124,279,7,64,84
2020-04-21,MIC,139,11,172,18,813,50,19,2,4,1,28,3,56,158,304,8,110,76
2020-04-22,MIC,145,6,173,1,866,53,20,1,1,-3,31,3,55,158,323,10,105,69
2020-04-23,MIC,166,21,146,-27,930,64,23,3,0,-1,34,3,67,139,345,13,97,73
2020-04-24,MIC,177,11,170,24,990,60,25,2,1,1,35,1,69,158,359,10,107,74
2020-04-25,MIC,193,16,188,18,1040,50,27,2,0,-1,35,0,75,173,370,11,113,81
2020-04-26,MIC,204,11,219,31,1067,27,30,3,2,2,36,1,75,204,351,11,138,69
2020-04-27,MIC,213,9,276,57,1079,12,33,3,1,-1,38,2,67,254,316,5,146,42
2020-04-28,MIC,250,37,200,-76,1194,115,35,2,1,0,40,2,93,184,380,17,117,66
2020-04-29,MIC,278,28,230,30,1238,44,36,1,1,0,40,0,111,215,372,18,152,66
2020-04-30,MIC,313,35,246,16,1314,76,40,4,1,0,43,3,127,233,397,30,155,109
2020-05-01,MIC,345,32,216,-30,1383,69,43,3,0,-1,44,1,139,207,410,29,146,111
2020-05-02,MIC,366,21,152,-64,1484,101,44,1,1,1,45,1,142,144,470,25,84,149
2020-05-03,MIC,369,3,177,25,1512,28,46,2,1,0,45,0,135,167,455,13,89,122
2020-05-04,MIC,375,6,207,30,1561,49,49,3,1,0,46,1,108,191,427,7,115,105
2020-05-05,MIC,394,19,263,56,1602,41,51,2,3,2,48,2,112,243,415,10,162,88
2020-05-06,MIC,423,29,271,8,1652,50,52,1,1,-2,51,3,119,258,418,15,199,69
2020-05-07,MIC,473,50,295,24,1700,48,53,1,4,3,52,1,141,283,430,24,221,64
2020-05-08,MIC,504,31,294,-1,1811,111,54,1,4,0,55,3,146,286,483,35,204,117
2020-05-09,MIC,555,51,220,-74,1914,103,57,3,3,-1,58,3,174,215,517,48,162,162
2020-05-10,MIC,569,14,299,79,1914,0,61,4,3,0,59,1,152,288,462,32,191,133
2020-05-11,MIC,577,8,387,88,1914,0,65,4,3,0,65,6,139,371,400,23,220,80
2020-05-12,MIC,610,33,460,73,2048,134,67,2,5,2,67,2,156,437,480,16,290,72
2020-05-13,MIC,678,68,457,-3,2145,97,71,4,5,0,70,3,204,436,522,33,295,95
2020-05-14,MIC,718,40,573,116,2221,76,73,2,7,2,71,1,216,548,535,31,386,121
2020-05-15,MIC,768,50,672,99,2339,118,75,2,6,-1,73,2,228,627,578,47,429,192
2020-05-16,MIC,860,92,658,-14,2480,141,81,6,5,-1,80,7,290,609,674,68,464,225
2020-05-17,MIC,917,57,640,-18,2571,91,82,1,5,0,80,0,298,583,707,71,401,216
2020-05-18,MIC,934,17,692,52,2579,8,85,3,5,0,80,0,276,633,633,46,403,133
2020-05-19,MIC,1042,108,569,-123,2803,224,88,3,6,1,81,1,325,512,734,75,331,192
2020-05-21,MIC,1163,121,739,170,2995,192,101,13,6,0,84,3,353,680,808,47,456,139
2020-05-22,MIC,1249,86,717,-22,3161,166,104,3,7,1,85,1,376,655,901,43,419,188
2020-05-23,MIC,1330,81,642,-75,3311,150,109,5,8,1,85,0,411,578,963,52,367,209
2020-05-24,MIC,1368,38,655,13,3353,42,110,1,3,-5,91,6,381,579,880,54,363,179
2020-05-25,MIC,1402,34,731,76,3371,18,113,3,7,4,93,2,348,649,756,42,370,111
2020-05-26,MIC,1495,93,739,8,3551,180,126,13,10,3,101,8,376,654,819,48,406,109
2020-05-27,MIC,1613,118,694,-45,3725,174,138,12,5,-5,103,2,419,618,859,47,394,110
2020-05-28,MIC,1710,97,740,46,3834,109,146,8,4,-1,105,2,425,665,843,61,433,127
2020-05-29,MIC,1810,100,762,22,4014,180,149,3,4,0,109,4,431,682,897,79,451,194
2020-05-30,MIC,1869,59,818,56,4167,153,160,11,5,1,109,0,428,721,957,86,489,235
2020-05-31,MIC,1913,44,823,5,4207,40,162,2,5,0,109,0,423,718,908,69,444,178
2020-06-01,MIC,1950,37,895,72,4275,68,166,4,5,0,110,1,387,772,833,40,429,115
2020-06-02,MIC,2022,72,1055,160,4439,164,173,7,5,0,111,1,392,924,845,41,527,136
2020-06-03,MIC,2121,99,1114,59,4579,140,193,20,6,1,113,2,393,973,821,42,569,126
2020-06-04,MIC,2213,92,1269,155,4675,96,205,12,5,-1,118,5,411,1123,825,23,650,72
2020-06-05,MIC,2311,98,1449,180,4767,92,219,14,5,0,121,3,422,1269,810,30,753,59
2020-06-06,MIC,2325,14,1638,189,4778,11,222,3,8,3,122,1,384,1429,728,19,772,24
2020-06-07,MIC,2480,155,1515,-123,4894,116,227,5,9,1,122,0,443,1303,711,38,660,68
2020-06-08,MIC,2562,82,1516,1,5065,171,234,7,8,-1,122,0,405,1248,688,20,581,44
2020-06-09,MIC,2854,292,1269,-247,5444,379,246,12,10,2,123,1,564,1052,912,44,623,96
2020-06-10,MIC,2971,117,1501,232,5558,114,258,12,11,1,124,1,571,1271,880,32,789,62
2020-06-11,MIC,3176,205,1389,-112,5830,272,262,4,8,-3,126,2,622,1173,963,71,719,159
2020-06-12,MIC,3331,155,1483,94,6021,191,268,6,10,2,127,1,660,1266,1019,96,751,186
2020-06-13,MIC,3409,78,1672,189,6145,124,273,5,13,3,129,2,646,1441,1017,75,806,203
2020-06-14,MIC,3485,76,1584,-88,6332,187,278,5,14,1,129,0,623,1349,1095,52,698,210
2020-06-15,MIC,3602,117,1623,39,6421,89,289,11,13,-1,132,3,589,1318,971,42,671,127
2020-06-16,MIC,3666,64,1985,362,6494,73,308,19,19,6,141,9,528,1652,864,20,879,58
2020-06-17,MIC,3984,318,1759,-226,6947,453,325,17,18,-1,144,3,670,1453,1131,64,822,196
2020-06-18,MIC,4175,191,1687,-72,7266,319,342,17,19,1,147,3,727,1376,1322,65,829,278
2020-06-19,MIC,4283,108,1948,261,7463,197,355,13,20,1,152,5,697,1623,1337,70,945,273
2020-06-20,MIC,4477,194,1903,-45,7731,268,363,8,21,1,153,1,724,1557,1456,85,922,279
2020-06-21,MIC,4496,19,2037,134,7752,21,368,5,21,0,154,1,619,1666,1314,47,873,152
2020-06-22,MIC,4659,163,1862,-175,8030,278,382,14,21,0,153,-1,642,1454,1352,48,661,156
2020-06-23,MIC,4785,126,2022,160,8150,120,395,13,19,-2,156,3,621,1620,1266,33,776,95
2020-06-24,MIC,5020,235,2079,57,8516,366,410,15,22,3,162,6,696,1650,1407,55,974,153
2020-06-25,MIC,5291,271,1998,-81,8695,179,426,16,15,-7,163,1,810,1681,1398,90,1042,151
2020-06-26,MIC,5393,102,2164,166,8896,201,431,5,13,-2,167,4,735,1820,1361,75,1098,168
2020-06-27,MIC,5478,85,2218,54,9015,119,439,8,16,3,167,0,699,1848,1246,55,969,124
2020-06-28,MIC,5506,28,2353,135,9096,81,441,2,16,0,167,0,589,1935,1101,35,931,80
2020-06-29,MIC,5568,62,2356,3,9266,170,451,10,17,1,167,0,484,1870,1011,22,772,107
2020-06-30,MIC,5665,97,2498,142,9465,199,460,9,21,4,170,3,469,1946,996,17,815,70
2020-07-01,MIC,5810,145,2474,-24,9816,351,476,16,25,4,173,3,469,1908,1158,21,841,115
2020-07-02,MIC,5996,186,2387,-87,10084,268,491,15,22,-3,179,6,458,1886,1196,15,878,63
2020-07-03,MIC,6086,90,2305,-82,10440,356,498,7,23,1,183,4,401,1821,1283,14,844,85
2020-07-04,MIC,6162,76,2310,5,10557,117,502,4,26,3,185,2,338,1748,1088,19,824,59
2020-07-05,MIC,6362,200,1958,-352,10828,271,506,4,24,-2,188,3,422,1418,1133,25,643,64
2020-07-06,MIC,6469,107,1969,11,10960,132,517,11,24,0,189,1,397,1398,1026,7,621,39
2020-07-07,MIC,6570,101,2029,60,11143,183,528,11,32,8,192,3,384,1450,940,17,667,24
2020-07-08,MIC,6642,72,2180,151,11339,196,540,12,33,1,196,4,371,1575,902,15,662,38
2020-07-09,MIC,6892,250,1959,-221,11718,379,554,14,27,-6,200,4,480,1408,1014,35,739,65
2020-07-10,MIC,7008,116,1912,-47,11962,244,562,8,25,-2,206,6,463,1395,1018,40,729,86
2020-07-11,MIC,7113,105,1939,27,12056,94,563,1,25,0,211,5,492,1421,971,35,707,66
2020-07-12,MIC,7112,-1,1895,-44,12194,138,565,2,26,1,212,1,406,1347,906,11,597,68
2020-07-13,MIC,7288,176,1722,-173,12491,297,572,7,32,6,217,5,472,1169,974,15,536,77
2020-07-14,MIC,7394,106,1858,136,12705,214,595,23,40,8,217,0,472,1306,980,17,599,81
2020-07-15,MIC,7430,36,2135,277,12748,43,602,7,40,0,217,0,375,1483,786,13,704,48
2020-07-16,MIC,7611,181,2065,-70,12944,196,614,12,33,-7,220,3,373,1456,839,23,719,74
2020-07-17,MIC,7748,137,2098,33,13175,231,630,16,23,-10,229,9,393,1486,877,30,678,89
2020-07-18,MIC,7946,198,2074,-24,13306,131,647,17,23,0,233,4,458,1500,818,41,718,47
2020-07-19,MIC,8018,72,1834,-240,13640,334,651,4,20,-3,238,5,419,1282,973,32,513,107
2020-07-20,MIC,8140,122,1633,-201,13826,186,653,2,17,-3,240,2,433,1091,913,34,380,58
2020-07-21,MIC,8229,89,1712,79,14133,307,657,4,17,0,254,14,435,1151,1010,20,532,77
2020-07-22,MIC,8353,124,1942,230,14286,153,663,6,19,2,259,5,487,1344,985,25,678,66
2020-07-23,MIC,8600,247,1816,-126,14585,299,669,6,19,0,264,5,631,1250,1109,66,730,111
2020-07-24,MIC,8665,65,2210,394,14646,61,672,3,21,2,268,4,541,1570,930,50,897,90
2020-07-25,MIC,8867,202,2084,-126,15038,392,685,13,21,0,276,8,631,1439,1134,66,812,198
2020-07-26,MIC,8976,109,1936,-148,15223,185,688,3,22,1,277,1,607,1285,1137,58,654,179
2020-07-27,MIC,9093,117,1774,-162,15421,198,698,10,21,-1,281,4,611,1115,1088,35,453,122
2020-07-28,MIC,9195,102,2034,260,15564,143,708,10,24,3,285,4,606,1362,1109,19,612,90
2020-07-29,MIC,9329,134,2334,300,15752,188,723,15,26,2,290,5,610,1614,1105,18,788,94
2020-07-30,MIC,9521,192,2325,-9,15986,234,737,14,26,0,295,5,683,1588,1187,24,836,83
2020-07-31,MIC,9759,238,2345,20,16205,219,771,34,30,4,303,8,770,1578,1220,92,784,126
2020-08-01,MIC,9910,151,2228,-117,16566,361,780,9,31,1,320,17,752,1465,1349,73,714,130
2020-08-02,MIC,10080,170,1778,-450,16822,256,783,3,25,-6,321,1,772,1145,1372,83,496,137
2020-08-03,MIC,10278,198,1448,-330,17041,219,793,10,22,-3,324,3,751,841,1250,55,319,129
2020-08-04,MIC,10418,140,1575,127,17168,127,798,5,26,4,329,5,759,1012,1182,34,439,84
2020-08-05,MIC,10477,59,1968,393,17222,54,816,18,33,7,336,7,689,1342,1037,20,605,43
2020-08-06,MIC,10640,163,2039,71,17423,201,833,17,26,-7,342,6,719,1398,1026,24,691,56
2020-08-07,MIC,10817,177,2115,76,17576,153,847,14,29,3,346,4,724,1561,989,48,768,68
2020-08-08,MIC,10996,179,2221,106,17741,165,855,8,28,-1,351,5,709,1638,903,45,774,82
2020-08-09,MIC,11205,209,1824,-397,18088,347,866,11,28,0,353,2,761,1244,1042,50,564,132
2020-08-10,MIC,11397,192,1615,-209,18264,176,885,19,27,-1,355,2,719,1036,984,41,421,116
2020-08-11,MIC,11501,104,1861,246,18416,152,902,17,17,-10,360,5,669,1299,947,36,601,103
2020-08-12,MIC,11684,183,2069,208,18585,169,921,19,23,6,362,2,721,1482,985,55,692,119
2020-08-13,MIC,11827,143,2219,150,18748,163,944,23,21,-2,369,7,727,1596,1009,47,793,102
2020-08-14,MIC,11955,128,2384,165,18911,163,966,22,26,5,374,5,710,1723,1025,60,791,105
2020-08-15,MIC,12167,212,2353,-31,19151,240,977,11,24,-2,377,3,686,1627,1016,65,795,98
2020-08-16,MIC,12352,185,2082,-271,19397,246,985,8,22,-2,378,1,701,1349,1057,59,613,136
2020-08-17,MIC,12507,155,1900,-182,19563,166,991,6,21,-1,381,3,652,1169,1035,36,407,91
2020-08-18,MIC,12663,156,2122,222,19736,173,1008,17,24,3,384,3,661,1376,1056,29,578,82
2020-08-19,MIC,12821,158,2283,161,19939,203,1026,18,28,4,387,3,665,1533,1041,22,704,86
2020-08-20,MIC,13084,263,2256,-27,20195,256,1045,19,25,-3,393,6,758,1462,1105,46,727,82
2020-08-21,MIC,13263,179,2011,-245,20466,271,1054,9,22,-3,400,7,773,1447,1120,65,665,128
2020-08-22,MIC,13513,250,1895,-116,20602,136,1071,17,20,-2,405,5,848,1444,1052,55,679,116
2020-08-23,MIC,13692,179,1608,-287,20779,177,1078,7,20,0,408,3,876,1226,1053,64,527,93
2020-08-24,MIC,13895,203,1435,-173,20917,138,1088,10,22,2,411,3,831,989,931,60,410,61
2020-08-25,MIC,14024,129,1651,216,21087,170,1104,16,25,3,412,1,799,1212,942,27,539,62
2020-08-26,MIC,14144,120,1985,334,21223,136,1114,10,27,2,415,3,779,1505,888,24,691,60
2020-08-27,MIC,14347,203,2076,91,21376,153,1141,27,27,0,424,9,818,1565,862,38,648,54
2020-08-28,MIC,14500,153,2276,200,21542,166,1153,12,28,1,428,4,778,1710,849,49,730,67
2020-08-29,MIC,14770,270,2181,-95,21803,261,1162,9,27,-1,431,3,818,1564,915,51,690,86
2020-08-30,MIC,14957,187,1946,-235,21956,153,1165,3,27,0,430,-1,830,1326,898,25,527,72
2020-08-31,MIC,15116,159,1860,-86,22059,103,1177,12,27,0,431,1,792,1197,822,31,411,56
2020-09-01,MIC,15253,137,2040,180,22261,202,1210,33,33,6,436,5,738,1314,873,17,519,27
2020-09-02,MIC,15416,163,2286,246,22418,157,1247,37,30,-3,444,8,721,1573,851,21,678,37
2020-09-03,MIC,15615,199,2386,100,22574,156,1264,17,26,-4,453,9,668,1609,780,33,710,45
2020-09-04,MIC,15828,213,2443,57,22745,171,1280,16,30,4,456,3,733,1646,797,35,707,60
2020-09-05,MIC,16129,301,2300,-143,22967,222,1302,22,28,-2,459,3,822,1496,828,74,661,77
2020-09-06,MIC,16263,134,2129,-171,23192,225,1306,4,27,-1,459,0,776,1313,883,35,569,73
2020-09-07,MIC,16522,259,1829,-300,23300,108,1312,6,24,-3,459,0,828,1091,806,39,440,40
2020-09-08,MIC,16771,249,1795,-34,23519,219,1330,18,28,4,468,9,868,1093,832,46,442,56
2020-09-09,MIC,16840,69,2158,363,23570,51,1357,27,30,2,473,5,799,1448,763,27,606,45
2020-09-10,MIC,17009,169,2216,58,23808,238,1375,18,29,-1,481,8,790,1477,853,35,633,89
2020-09-11,MIC,17285,276,2208,-8,24049,241,1395,20,28,-1,485,4,852,1444,906,82,663,140
2020-09-12,MIC,17474,189,2188,-20,24230,181,1412,17,30,2,487,2,882,1406,953,72,630,131
2020-09-13,MIC,17614,140,2116,-72,24349,119,1419,7,31,1,487,0,854,1292,922,58,540,128
2020-09-14,MIC,17844,230,1878,-238,24490,141,1431,12,29,-2,488,1,892,1015,893,64,396,103
2020-09-15,MIC,18031,187,1933,55,24735,245,1451,20,28,-1,491,3,794,1051,893,46,483,130
