Fecha,Estado,Positivos,Positivos_Delta,Sospechosos,Sospechosos_Delta,Negativos,Negativos_Delta,Defunciones_Positivos,Defunciones_Positivos_Delta,Defunciones_Sospechosos,Defunciones_Sospechosos_Delta,Defunciones_Negativos,Defunciones_Negativos_Delta,Positivos_Sintomas_14_Dias,Sospechosos_Sintomas_14_Dias,Negativos_Sintomas_14_Dias,Positivos_Sintomas_7_Dias,Sospechosos_Sintomas_7_Dias,Negativos_Sintomas_7_Dias
2020-04-12,BCS,120,0,266,0,399,0,2,0,0,0,3,0,68,220,161,4,63,16
2020-04-13,BCS,153,33,200,-66,467,68,3,1,0,0,3,0,89,146,199,4,49,21
2020-04-14,BCS,164,11,198,-2,514,47,5,2,0,0,4,1,86,147,209,3,70,18
2020-04-15,BCS,165,1,259,61,521,7,6,1,0,0,5,1,73,196,185,2,103,14
2020-04-16,BCS,166,1,276,17,548,27,6,0,0,0,6,1,59,205,179,3,88,30
2020-04-17,BCS,169,3,318,42,519,-29,6,0,0,0,6,0,46,240,144,3,93,27
2020-04-18,BCS,173,4,313,-5,523,4,6,0,0,0,6,0,37,224,120,5,73,23
2020-04-19,BCS,193,20,235,-78,581,58,7,1,0,0,6,0,37,154,128,3,54,16
2020-04-20,BCS,205,12,197,-38,604,23,7,0,0,0,6,0,34,122,122,3,39,11
2020-04-21,BCS,228,23,85,-112,665,61,9,2,0,0,6,0,43,69,140,2,27,14
2020-04-22,BCS,240,12,58,-27,709,44,10,1,0,0,8,2,45,42,148,2,7,16
2020-04-23,BCS,241,1,42,-16,720,11,11,1,0,0,8,0,39,26,127,1,1,13
2020-04-24,BCS,247,6,17,-25,730,10,11,0,0,0,8,0,33,8,108,1,4,13
2020-04-25,BCS,266,19,11,-6,757,27,12,1,0,0,8,0,37,6,115,4,4,12
2020-04-26,BCS,284,18,18,7,784,27,12,0,0,0,8,0,45,14,118,6,12,11
2020-04-27,BCS,285,1,49,31,786,2,13,1,0,0,8,0,39,45,99,1,37,5
2020-04-28,BCS,292,7,71,22,799,13,14,1,0,0,8,0,38,71,88,3,56,4
2020-04-29,BCS,301,9,90,19,802,3,16,2,0,0,8,0,41,88,78,6,53,3
2020-04-30,BCS,308,7,90,0,830,28,16,0,0,0,9,1,42,87,87,6,48,9
2020-05-01,BCS,322,14,69,-21,859,29,18,2,0,0,9,0,44,64,93,6,34,18
2020-05-02,BCS,330,8,47,-22,887,28,18,0,0,0,9,0,43,44,104,5,18,21
2020-05-03,BCS,339,9,44,-3,898,11,18,0,0,0,9,0,48,41,101,3,21,16
2020-05-04,BCS,344,5,53,9,902,4,18,0,0,0,9,0,40,47,94,3,28,6
2020-05-05,BCS,351,7,49,-4,921,19,18,0,0,0,9,0,47,42,103,5,33,13
2020-05-06,BCS,358,7,65,16,933,12,18,0,0,0,10,1,43,56,100,8,41,20
2020-05-07,BCS,368,10,82,17,943,10,20,2,0,0,12,2,44,74,94,9,47,23
2020-05-08,BCS,373,5,79,-3,964,21,22,2,0,0,12,0,39,70,103,6,37,31
2020-05-09,BCS,379,6,85,6,974,10,22,0,0,0,12,0,37,80,97,12,38,27
2020-05-10,BCS,387,8,49,-36,1014,40,22,0,0,0,12,0,40,47,125,10,19,40
2020-05-11,BCS,398,11,38,-11,1034,20,22,0,0,0,12,0,45,36,131,9,24,32
2020-05-12,BCS,401,3,82,44,1049,15,24,2,0,0,12,0,47,77,138,3,49,16
2020-05-13,BCS,409,8,86,4,1063,14,24,0,0,0,12,0,49,83,143,4,52,20
2020-05-14,BCS,420,11,88,2,1085,22,25,1,1,1,12,0,52,77,143,7,38,25
2020-05-15,BCS,439,19,71,-17,1106,21,26,1,1,0,13,1,53,61,147,8,39,22
2020-05-16,BCS,445,6,82,11,1120,14,26,0,2,1,13,0,54,74,143,7,50,19
2020-05-17,BCS,459,14,66,-16,1139,19,26,0,2,0,13,0,61,58,148,11,33,25
2020-05-18,BCS,462,3,69,3,1145,6,26,0,2,0,13,0,58,58,134,10,32,20
2020-05-19,BCS,469,7,77,8,1157,12,27,1,3,1,14,1,48,63,106,8,32,21
2020-05-21,BCS,502,33,98,21,1174,17,29,2,2,-1,14,0,67,79,94,13,51,16
2020-05-22,BCS,504,2,130,32,1183,9,31,2,2,0,14,0,61,109,86,9,71,14
2020-05-23,BCS,521,17,112,-18,1227,44,31,0,2,0,14,0,74,90,115,19,57,33
2020-05-24,BCS,533,12,94,-18,1266,39,31,0,1,-1,15,1,76,71,140,16,41,62
2020-05-25,BCS,541,8,81,-13,1299,33,32,1,1,0,15,0,79,56,161,9,30,68
2020-05-26,BCS,549,8,116,35,1313,14,32,0,1,0,15,0,77,83,163,10,54,54
2020-05-27,BCS,557,8,158,42,1328,15,33,1,1,0,15,0,72,125,166,8,80,41
2020-05-28,BCS,568,11,159,1,1355,27,34,1,1,0,16,1,70,131,181,10,84,51
2020-05-29,BCS,594,26,158,-1,1381,26,35,1,1,0,16,0,86,125,191,22,84,49
2020-05-30,BCS,606,12,179,21,1405,24,36,1,1,0,16,0,89,141,197,22,81,51
2020-05-31,BCS,631,25,146,-33,1440,35,36,0,2,1,16,0,99,110,221,17,60,63
2020-06-01,BCS,643,12,194,48,1461,21,36,0,2,0,16,0,93,160,210,17,97,57
2020-06-02,BCS,660,17,220,26,1485,24,36,0,2,0,16,0,96,194,199,12,131,45
2020-06-03,BCS,698,38,164,-56,1576,91,37,1,1,-1,17,1,116,136,260,25,88,89
2020-06-04,BCS,714,16,155,-9,1626,50,40,3,1,0,17,0,120,137,297,24,96,101
2020-06-05,BCS,735,21,143,-12,1671,45,43,3,2,1,19,2,125,128,311,23,83,108
2020-06-06,BCS,754,19,185,42,1714,43,45,2,2,0,20,1,127,167,333,28,131,121
2020-06-07,BCS,765,11,185,0,1759,45,45,0,2,0,21,1,118,166,349,29,127,112
2020-06-08,BCS,786,21,140,-45,1824,65,47,2,3,1,22,1,125,118,377,31,73,137
2020-06-09,BCS,812,26,199,59,1848,24,49,2,2,-1,23,1,132,173,374,22,122,115
2020-06-10,BCS,869,57,161,-38,1905,57,49,0,2,0,23,0,173,136,391,44,95,106
2020-06-11,BCS,918,49,177,16,1925,20,49,0,2,0,24,1,205,150,381,68,93,69
2020-06-12,BCS,923,5,258,81,1932,7,49,0,3,1,24,0,191,230,349,57,158,38
2020-06-13,BCS,961,38,280,22,1985,53,50,1,5,2,27,3,213,253,376,58,182,50
2020-06-14,BCS,992,31,146,-134,2106,121,51,1,4,-1,27,0,234,118,444,48,84,121
2020-06-15,BCS,1002,10,189,43,2149,43,52,1,3,-1,28,1,216,161,435,27,115,117
2020-06-16,BCS,1040,38,223,34,2182,33,57,5,4,1,29,1,218,194,420,25,149,107
2020-06-17,BCS,1055,15,283,60,2192,10,62,5,3,-1,29,0,202,254,365,13,191,82
2020-06-18,BCS,1122,67,212,-71,2341,149,64,2,2,-1,33,4,242,181,446,38,146,165
2020-06-19,BCS,1128,6,303,91,2343,2,65,1,2,0,35,2,230,269,397,30,216,110
2020-06-20,BCS,1188,60,239,-64,2431,88,65,0,2,0,35,0,254,207,441,40,163,140
2020-06-21,BCS,1221,33,180,-59,2502,71,66,1,3,1,35,0,249,148,490,43,109,153
2020-06-22,BCS,1254,33,195,15,2542,40,66,0,3,0,38,3,241,160,487,38,117,110
2020-06-23,BCS,1275,21,303,108,2564,22,68,2,2,-1,38,0,227,271,470,29,219,71
2020-06-24,BCS,1287,12,393,90,2616,52,70,2,2,0,38,0,204,360,470,19,287,78
2020-06-25,BCS,1324,37,386,-7,2738,122,70,0,2,0,38,0,209,353,538,23,267,123
2020-06-26,BCS,1384,60,314,-72,2842,104,70,0,0,-2,38,0,256,283,582,39,220,173
2020-06-27,BCS,1389,5,361,47,2847,5,70,0,0,0,38,0,226,329,537,18,235,125
2020-06-28,BCS,1437,48,298,-63,2939,92,70,0,0,0,38,0,248,266,574,39,163,152
2020-06-29,BCS,1487,50,320,22,3025,86,70,0,0,0,38,0,250,266,570,64,146,160
2020-06-30,BCS,1529,42,399,79,3050,25,71,1,0,0,38,0,263,339,533,56,229,119
2020-07-01,BCS,1578,49,467,68,3109,59,77,6,0,0,38,0,280,408,534,49,299,109
2020-07-02,BCS,1631,53,511,44,3196,87,79,2,0,0,41,3,286,446,551,42,329,138
2020-07-03,BCS,1680,49,551,40,3294,98,83,4,0,0,41,0,301,487,598,39,363,137
2020-07-04,BCS,1744,64,502,-49,3388,94,86,3,0,0,41,0,323,430,619,54,316,176
2020-07-05,BCS,1784,40,511,9,3447,59,87,1,0,0,42,1,331,440,606,65,295,176
2020-07-06,BCS,1811,27,586,75,3498,51,88,1,0,0,42,0,320,509,586,55,326,146
2020-07-07,BCS,1897,86,629,43,3601,103,93,5,0,0,44,2,365,547,624,55,374,129
2020-07-08,BCS,1937,40,700,71,3658,57,93,0,0,0,44,0,355,616,616,35,383,89
2020-07-09,BCS,2109,172,574,-126,3806,148,95,2,0,0,44,0,442,506,703,104,315,149
2020-07-10,BCS,2176,67,685,111,3876,70,97,2,1,1,47,3,452,624,677,101,422,150
2020-07-11,BCS,2324,148,532,-153,4011,135,99,2,0,-1,50,3,560,469,754,141,323,213
2020-07-12,BCS,2415,91,438,-94,4099,88,101,2,0,0,50,0,602,367,772,171,211,240
2020-07-13,BCS,2507,92,411,-27,4173,74,103,2,0,0,51,1,625,333,750,142,187,206
2020-07-14,BCS,2558,51,597,186,4211,38,107,4,0,0,51,0,590,500,688,115,315,185
2020-07-15,BCS,2603,45,653,56,4253,42,108,1,0,0,51,0,552,537,604,72,352,141
2020-07-16,BCS,2709,106,644,-9,4392,139,110,2,2,2,51,0,597,532,677,76,371,145
2020-07-17,BCS,2874,165,563,-81,4542,150,117,7,4,2,51,0,697,443,761,132,291,232
2020-07-18,BCS,3019,145,536,-27,4661,119,118,1,2,-2,51,0,734,453,811,151,314,270
2020-07-19,BCS,3107,88,423,-113,4765,104,118,0,2,0,51,0,756,340,851,131,212,279
2020-07-20,BCS,3217,110,260,-163,4868,103,118,0,2,0,51,0,745,167,851,130,76,248
2020-07-21,BCS,3231,14,505,245,4877,9,122,4,2,0,53,2,665,402,779,73,269,161
2020-07-22,BCS,3343,112,573,68,4950,73,124,2,3,1,53,0,678,465,750,87,319,151
2020-07-23,BCS,3482,139,524,-49,5150,200,125,1,2,-1,53,0,728,409,845,143,274,245
2020-07-24,BCS,3586,104,587,63,5281,131,137,12,3,1,58,5,719,469,914,159,314,289
2020-07-25,BCS,3637,51,716,129,5347,66,147,10,2,-1,60,2,679,595,924,161,374,283
2020-07-26,BCS,3768,131,570,-146,5447,100,148,1,3,1,60,0,710,440,928,151,261,287
2020-07-27,BCS,3908,140,406,-164,5549,102,148,0,2,-1,61,1,741,268,907,160,100,228
2020-07-28,BCS,3980,72,573,167,5621,72,155,7,2,0,62,1,717,429,874,126,252,191
2020-07-29,BCS,4051,71,635,62,5693,72,158,3,2,0,63,1,693,484,846,125,290,165
2020-07-30,BCS,4237,186,512,-123,5842,149,170,12,2,0,65,2,789,376,895,208,197,202
2020-07-31,BCS,4305,68,685,173,5896,54,175,5,2,0,67,2,766,543,860,185,335,193
2020-08-01,BCS,4498,193,713,28,6049,153,182,7,3,1,71,4,874,562,924,230,348,275
2020-08-02,BCS,4562,64,613,-100,6166,117,182,0,3,0,71,0,837,438,953,193,220,319
2020-08-03,BCS,4669,107,452,-161,6260,94,182,0,3,0,71,0,830,282,887,176,124,273
2020-08-04,BCS,4745,76,659,207,6319,59,193,11,3,0,72,1,809,472,851,125,321,200
2020-08-05,BCS,4866,121,750,91,6454,135,201,8,3,0,75,3,853,538,885,162,373,221
2020-08-06,BCS,5055,189,626,-124,6645,191,202,1,3,0,77,2,953,412,964,215,301,272
2020-08-07,BCS,5143,88,768,142,6709,64,209,7,3,0,79,2,926,550,948,206,434,251
2020-08-08,BCS,5307,164,667,-101,6928,219,214,5,4,1,82,3,973,457,1084,221,347,337
2020-08-09,BCS,5465,158,476,-191,7087,159,215,1,3,-1,82,0,995,260,1175,229,191,360
2020-08-10,BCS,5639,174,261,-215,7205,118,216,1,3,0,83,1,964,142,1136,213,90,272
2020-08-11,BCS,5691,52,401,140,7249,44,225,9,2,-1,85,2,899,302,1048,153,239,203
2020-08-12,BCS,5799,108,402,1,7362,113,229,4,1,-1,87,2,915,297,1034,161,235,182
2020-08-13,BCS,5954,155,412,10,7462,100,242,13,1,0,91,4,965,306,1029,197,252,197
2020-08-14,BCS,6048,94,538,126,7560,98,243,1,1,0,92,1,960,427,1033,215,357,232
2020-08-15,BCS,6208,160,455,-83,7755,195,264,21,1,0,94,2,988,343,1100,272,285,373
2020-08-16,BCS,6330,122,343,-112,7872,117,265,1,1,0,94,0,984,229,1091,284,182,392
2020-08-17,BCS,6422,92,220,-123,7963,91,267,2,1,0,94,0,961,104,1017,234,69,292
2020-08-18,BCS,6476,54,406,186,7989,26,269,2,1,0,93,-1,901,291,924,192,240,198
2020-08-19,BCS,6624,148,414,8,8118,129,278,9,1,0,93,0,940,295,920,234,245,225
2020-08-20,BCS,6728,104,410,-4,8219,101,291,13,2,1,96,3,936,284,938,239,243,243
2020-08-21,BCS,6819,91,242,-168,8319,100,302,11,2,0,97,1,936,148,972,245,102,275
2020-08-22,BCS,6857,38,337,95,8344,25,314,12,2,0,98,1,884,248,950,214,190,234
