Fecha,Estado,Positivos,Positivos_Delta,Sospechosos,Sospechosos_Delta,Negativos,Negativos_Delta,Defunciones_Positivos,Defunciones_Positivos_Delta,Defunciones_Sospechosos,Defunciones_Sospechosos_Delta,Defunciones_Negativos,Defunciones_Negativos_Delta,Positivos_Sintomas_14_Dias,Sospechosos_Sintomas_14_Dias,Negativos_Sintomas_14_Dias,Positivos_Sintomas_7_Dias,Sospechosos_Sintomas_7_Dias,Negativos_Sintomas_7_Dias
2020-04-12,JAL,158,0,585,0,2328,0,11,0,2,0,19,0,32,229,829,6,119,151
2020-04-13,JAL,161,3,601,16,2403,75,11,0,3,1,22,3,27,217,790,5,126,140
2020-04-14,JAL,166,5,603,2,2490,87,11,0,2,-1,25,3,27,229,759,4,150,121
2020-04-15,JAL,178,12,545,-58,2625,135,11,0,2,0,28,3,37,192,723,6,147,127
2020-04-16,JAL,180,2,600,55,2708,83,11,0,3,1,31,3,34,283,662,4,230,115
2020-04-17,JAL,189,9,552,-48,2586,-122,13,2,1,-2,34,3,33,318,651,4,239,162
2020-04-18,JAL,195,6,526,-26,2652,66,13,0,0,-1,36,2,35,337,616,4,270,139
2020-04-19,JAL,197,2,358,-168,2789,137,13,0,0,0,36,0,34,205,686,2,131,213
2020-04-20,JAL,215,18,268,-90,2914,125,14,1,1,1,36,0,46,131,733,9,93,205
2020-04-21,JAL,225,10,257,-11,2958,44,15,1,4,3,37,1,47,247,704,8,190,158
2020-04-22,JAL,235,10,356,99,3410,452,15,0,4,0,54,17,45,348,710,10,273,150
2020-04-23,JAL,254,19,451,95,3581,171,19,4,3,-1,57,3,60,440,814,16,372,215
2020-04-24,JAL,263,9,610,159,3695,114,20,1,2,-1,60,3,63,597,838,14,520,198
2020-04-25,JAL,271,8,765,155,3825,130,23,3,1,-1,62,2,67,750,883,14,608,224
2020-04-26,JAL,282,11,776,11,3915,90,25,2,2,1,66,4,72,762,893,18,533,186
2020-04-27,JAL,303,21,636,-140,4164,249,25,0,3,1,70,4,83,618,1040,16,381,182
2020-04-28,JAL,316,13,565,-71,4412,248,25,0,2,-1,72,2,82,546,1187,16,336,246
2020-04-29,JAL,326,10,640,75,4533,121,25,0,4,2,73,1,86,627,1199,10,413,179
2020-04-30,JAL,347,21,690,50,4642,109,28,3,5,1,76,3,92,672,1227,16,442,107
2020-05-01,JAL,375,28,615,-75,4872,230,30,2,4,-1,78,2,108,600,1301,22,444,140
2020-05-02,JAL,387,12,578,-37,4994,122,32,2,4,0,79,1,111,566,1277,20,414,126
2020-05-03,JAL,417,30,402,-176,5186,192,33,1,8,4,86,7,131,392,1272,27,311,170
2020-05-04,JAL,447,30,310,-92,5428,242,34,1,8,0,88,2,144,299,1241,33,242,264
2020-05-05,JAL,469,22,335,25,5518,90,36,2,9,1,92,4,145,323,1169,34,250,248
2020-05-06,JAL,492,23,378,43,5631,113,38,2,8,-1,93,1,149,367,1107,31,303,239
2020-05-07,JAL,508,16,312,-66,5839,208,43,5,6,-2,107,14,143,302,1127,24,240,312
2020-05-08,JAL,554,46,394,82,5909,70,47,4,5,-1,110,3,166,374,1063,44,288,271
2020-05-09,JAL,592,38,440,46,6062,153,50,3,4,-1,116,6,187,430,1075,53,346,322
2020-05-10,JAL,593,1,537,97,6103,41,54,4,4,0,118,2,172,525,1024,43,425,243
2020-05-11,JAL,636,43,565,28,6249,146,57,3,4,0,118,0,195,550,1048,37,457,258
2020-05-12,JAL,670,34,477,-88,6561,312,57,0,3,-1,124,6,210,462,1242,35,388,393
2020-05-13,JAL,699,29,453,-24,6768,207,61,4,1,-2,129,5,218,444,1335,37,389,459
2020-05-14,JAL,747,48,477,24,6985,217,66,5,3,2,132,3,234,467,1427,53,401,489
2020-05-15,JAL,767,20,737,260,7104,119,70,4,4,1,134,2,234,718,1413,53,639,434
2020-05-16,JAL,796,29,778,41,7324,220,77,7,3,-1,138,4,232,758,1532,52,671,503
2020-05-17,JAL,845,49,468,-310,7666,342,82,5,4,1,139,1,255,444,1744,61,358,639
2020-05-18,JAL,884,39,430,-38,7833,167,85,3,3,-1,138,-1,251,393,1796,66,302,593
2020-05-19,JAL,919,35,511,81,7972,139,91,6,3,0,142,4,251,471,1792,73,392,514
2020-05-21,JAL,1028,109,599,88,8275,303,97,6,7,4,153,11,312,550,1785,85,463,412
2020-05-22,JAL,1095,67,638,39,8446,171,102,5,7,0,156,3,356,586,1772,110,491,422
2020-05-23,JAL,1132,37,726,88,8562,116,102,0,8,1,157,1,360,673,1733,111,574,383
2020-05-24,JAL,1180,48,511,-215,8863,301,107,5,4,-4,167,10,370,453,1812,104,367,501
2020-05-25,JAL,1238,58,462,-49,9037,174,115,8,2,-2,174,7,380,389,1759,106,305,458
2020-05-26,JAL,1295,57,695,233,9162,125,123,8,4,2,179,5,400,612,1682,83,510,382
2020-05-27,JAL,1355,60,862,167,9285,123,126,3,4,0,180,1,408,772,1576,92,657,320
2020-05-28,JAL,1432,77,1022,160,9497,212,130,4,3,-1,192,12,440,930,1580,101,791,345
2020-05-29,JAL,1524,92,1232,210,9587,90,133,3,2,-1,198,6,488,1129,1521,115,953,309
2020-05-30,JAL,1660,136,1112,-120,9942,355,136,3,4,2,205,7,589,1001,1716,162,849,473
2020-05-31,JAL,1760,100,987,-125,10135,193,140,4,5,1,209,4,625,868,1747,154,706,493
2020-06-01,JAL,1802,42,1184,197,10295,160,148,8,3,-2,213,4,602,1057,1691,98,781,336
2020-06-02,JAL,2025,223,1202,18,10553,258,161,13,4,1,215,2,742,1053,1745,181,798,348
2020-06-03,JAL,2136,111,1577,375,10677,124,177,16,6,2,224,9,790,1411,1680,165,1120,286
2020-06-04,JAL,2289,153,1711,134,10852,175,186,9,9,3,237,13,867,1544,1665,174,1209,303
2020-06-05,JAL,2447,158,1777,66,11015,163,207,21,7,-2,243,6,940,1608,1723,184,1217,317
2020-06-06,JAL,2653,206,1537,-240,11416,401,223,16,12,5,256,13,1057,1360,1955,210,1060,415
2020-06-07,JAL,2820,167,1341,-196,11621,205,233,10,11,-1,255,-1,1101,1138,1977,232,850,405
2020-06-08,JAL,2988,168,1317,-24,11849,228,249,16,8,-3,260,5,1102,1100,1840,192,766,412
2020-06-09,JAL,3218,230,1490,173,12032,183,263,14,15,7,267,7,1204,1257,1794,196,949,330
2020-06-10,JAL,3309,91,1705,215,12280,248,275,12,22,7,282,15,1160,1456,1839,154,1127,348
2020-06-11,JAL,3511,202,1731,26,12590,310,301,26,12,-10,293,11,1208,1469,1961,203,1142,417
2020-06-12,JAL,3704,193,1811,80,12810,220,309,8,13,1,303,10,1235,1531,1934,216,1162,401
2020-06-13,JAL,3880,176,1722,-89,13047,237,317,8,17,4,314,11,1265,1423,1951,252,1006,430
2020-06-14,JAL,4044,164,1481,-241,13250,203,325,8,20,3,318,4,1289,1175,1927,236,716,388
2020-06-15,JAL,4139,95,1566,85,13391,141,339,14,29,9,321,3,1116,1205,1811,178,657,357
2020-06-16,JAL,4289,150,1742,176,13545,154,357,18,31,2,326,5,1080,1342,1710,142,775,291
2020-06-17,JAL,4495,206,1812,70,13767,222,398,41,23,-8,342,16,1120,1399,1708,163,819,292
2020-06-18,JAL,4656,161,1903,91,13964,197,420,22,19,-4,348,6,1125,1469,1686,169,854,274
2020-06-19,JAL,4791,135,2056,153,14167,203,428,8,23,4,349,1,1086,1578,1636,195,858,328
2020-06-20,JAL,4922,131,2115,59,14335,168,438,10,24,1,352,3,1052,1620,1569,205,847,373
2020-06-21,JAL,5090,168,1980,-135,14499,164,457,19,20,-4,358,6,1008,1471,1454,187,762,348
2020-06-22,JAL,5217,127,1977,-3,14683,184,468,11,18,-2,359,1,919,1423,1421,165,665,372
2020-06-23,JAL,5528,311,1918,-59,14930,247,488,20,24,6,367,8,1004,1398,1417,186,749,377
2020-06-24,JAL,5715,187,1951,33,15168,238,523,35,25,1,377,10,997,1386,1438,178,765,375
2020-06-25,JAL,5875,160,2094,143,15341,173,556,33,29,4,384,7,983,1482,1402,171,844,339
2020-06-26,JAL,6054,179,2131,37,15562,221,595,39,22,-7,399,15,1016,1465,1439,184,849,390
2020-06-27,JAL,6190,136,2217,86,15728,166,613,18,25,3,408,9,1006,1524,1471,138,846,342
2020-06-28,JAL,6386,196,1939,-278,15976,248,628,15,25,0,412,4,1027,1246,1549,147,606,442
2020-06-29,JAL,6497,111,2142,203,16066,90,656,28,33,8,414,2,942,1388,1443,113,727,358
2020-06-30,JAL,6684,187,2390,248,16178,112,685,29,29,-4,433,19,954,1605,1390,113,942,298
2020-07-01,JAL,6873,189,2398,8,16459,281,722,37,30,1,444,11,956,1592,1453,116,953,345
2020-07-02,JAL,7030,157,2547,149,16671,212,755,33,40,10,450,6,936,1682,1476,140,1031,344
2020-07-03,JAL,7261,231,2525,-22,16927,256,779,24,28,-12,461,11,1007,1643,1561,142,1016,382
2020-07-04,JAL,7507,246,2404,-121,17141,214,800,21,29,1,465,4,1033,1489,1517,165,986,394
2020-07-05,JAL,7686,179,2190,-214,17354,213,840,40,32,3,476,11,1046,1240,1618,178,769,401
2020-07-06,JAL,7915,229,2090,-100,17631,277,859,19,33,1,485,9,1091,1101,1695,186,687,458
2020-07-07,JAL,8081,166,2282,192,17854,223,881,22,30,-3,491,6,1110,1261,1733,163,813,437
2020-07-08,JAL,8274,193,2592,310,18018,164,909,28,33,3,497,6,1146,1507,1711,203,945,388
2020-07-09,JAL,8582,308,2602,10,18311,293,944,35,27,-6,517,20,1296,1505,1766,283,996,454
2020-07-10,JAL,8797,215,2656,54,18642,331,968,24,31,4,525,8,1313,1473,1858,302,968,536
2020-07-11,JAL,8989,192,2560,-96,18915,273,995,27,32,1,537,12,1338,1417,1938,264,923,581
2020-07-12,JAL,9201,212,2307,-253,19151,236,1013,18,33,1,541,4,1383,1123,1973,269,674,569
