Fecha,Estado,Positivos,Positivos_Delta,Sospechosos,Sospechosos_Delta,Negativos,Negativos_Delta,Defunciones_Positivos,Defunciones_Positivos_Delta,Defunciones_Sospechosos,Defunciones_Sospechosos_Delta,Defunciones_Negativos,Defunciones_Negativos_Delta,Positivos_Sintomas_14_Dias,Sospechosos_Sintomas_14_Dias,Negativos_Sintomas_14_Dias,Positivos_Sintomas_7_Dias,Sospechosos_Sintomas_7_Dias,Negativos_Sintomas_7_Dias
2020-04-12,PUE,255,0,254,0,719,0,20,0,3,0,5,0,90,162,231,11,60,40
2020-04-13,PUE,271,16,261,7,777,58,24,4,4,1,5,0,89,160,243,7,81,39
2020-04-14,PUE,278,7,318,57,800,23,29,5,5,1,6,1,86,203,231,5,107,32
2020-04-15,PUE,294,16,353,35,834,34,33,4,7,2,9,3,83,231,224,15,128,26
2020-04-16,PUE,307,13,344,-9,893,59,34,1,7,0,10,1,81,222,235,21,112,42
2020-04-17,PUE,315,8,363,19,890,-3,39,5,6,-1,11,1,76,242,228,21,121,46
2020-04-18,PUE,331,16,346,-17,910,20,42,3,1,-5,14,3,77,228,202,26,92,37
2020-04-19,PUE,351,20,261,-85,995,85,43,1,0,-1,15,1,80,147,256,23,64,30
2020-04-20,PUE,359,8,258,-3,1005,10,47,4,0,0,15,0,71,149,230,11,64,22
2020-04-21,PUE,383,24,233,-25,1035,30,55,8,2,2,19,4,87,146,220,18,58,23
2020-04-22,PUE,388,5,220,-13,1085,50,58,3,1,-1,19,0,87,131,209,14,58,33
2020-04-23,PUE,414,26,227,7,1116,31,64,6,1,0,19,0,103,140,198,18,68,40
2020-04-24,PUE,454,40,196,-31,1173,57,64,0,2,1,19,0,125,112,214,17,72,36
2020-04-25,PUE,483,29,179,-17,1232,59,69,5,0,-2,22,3,132,113,222,20,76,45
2020-04-26,PUE,511,28,182,3,1254,22,69,0,1,1,22,0,142,127,195,23,82,34
2020-04-27,PUE,552,41,218,36,1285,31,69,0,0,-1,24,2,158,158,186,30,99,28
2020-04-28,PUE,583,31,288,70,1326,41,78,9,0,0,25,1,167,227,197,26,141,33
2020-04-29,PUE,621,38,314,26,1356,30,84,6,0,0,26,1,184,251,207,33,155,41
2020-04-30,PUE,639,18,402,88,1390,34,89,5,0,0,26,0,178,333,214,27,200,33
2020-05-01,PUE,708,69,379,-23,1437,47,91,2,2,2,27,1,215,313,225,38,186,45
2020-05-02,PUE,755,47,335,-44,1493,56,95,4,2,0,28,1,221,267,252,42,144,71
2020-05-03,PUE,806,51,300,-35,1527,34,105,10,3,1,28,0,241,232,259,49,110,65
2020-05-04,PUE,842,36,318,18,1557,30,109,4,3,0,30,2,237,238,246,35,113,48
2020-05-05,PUE,880,38,356,38,1609,52,117,8,4,1,34,4,238,273,258,44,114,64
2020-05-06,PUE,910,30,389,33,1626,17,121,4,4,0,35,1,250,297,247,40,122,61
2020-05-07,PUE,962,52,378,-11,1701,75,129,8,7,3,37,2,264,298,277,45,158,48
2020-05-08,PUE,1017,55,405,27,1746,45,134,5,8,1,40,3,258,331,293,45,182,63
2020-05-09,PUE,1060,43,381,-24,1829,83,149,15,4,-4,42,2,268,310,336,55,181,88
2020-05-10,PUE,1068,8,405,24,1879,50,149,0,5,1,42,0,239,336,334,42,199,82
2020-05-11,PUE,1120,52,374,-31,1944,65,150,1,6,1,42,0,244,302,349,50,155,101
2020-05-12,PUE,1172,52,421,47,2011,67,165,15,5,-1,46,4,267,342,359,52,189,98
2020-05-13,PUE,1213,41,487,66,2066,55,169,4,6,1,51,5,266,404,386,55,211,107
2020-05-14,PUE,1272,59,534,47,2133,67,172,3,6,0,53,2,290,431,399,69,196,109
2020-05-15,PUE,1338,66,605,71,2238,105,184,12,7,1,57,4,317,480,456,79,229,103
2020-05-16,PUE,1404,66,575,-30,2359,121,188,4,8,1,58,1,345,435,534,75,188,122
2020-05-17,PUE,1449,45,560,-15,2421,62,190,2,9,1,59,1,358,403,553,74,154,116
2020-05-18,PUE,1500,51,641,81,2449,28,195,5,9,0,61,2,355,457,523,54,180,93
2020-05-19,PUE,1615,115,775,134,2556,107,220,25,10,1,65,4,409,582,562,63,295,82
2020-05-21,PUE,1803,188,900,125,2787,231,242,22,15,5,70,5,463,656,617,73,326,126
2020-05-22,PUE,1859,56,997,97,2931,144,243,1,14,-1,78,8,474,734,682,81,353,175
2020-05-23,PUE,2015,156,991,-6,3037,106,251,8,12,-2,92,14,552,720,725,121,373,197
2020-05-24,PUE,2082,67,1047,56,3114,77,257,6,7,-5,96,4,547,752,724,90,347,193
2020-05-25,PUE,2165,83,1222,175,3202,88,261,4,9,2,97,1,532,892,714,89,360,185
2020-05-26,PUE,2320,155,1403,181,3333,131,269,8,8,-1,100,3,574,1030,737,102,441,168
2020-05-27,PUE,2458,138,1519,116,3496,163,307,38,14,6,108,8,609,1127,782,113,508,151
2020-05-28,PUE,2662,204,1590,71,3689,193,333,26,12,-2,113,5,690,1182,876,145,587,184
2020-05-29,PUE,2843,181,1706,116,3827,138,342,9,13,1,114,1,751,1255,902,143,619,189
2020-05-30,PUE,2918,75,1717,11,4039,212,345,3,15,2,114,0,742,1247,1022,115,580,210
2020-05-31,PUE,3046,128,1512,-205,4263,224,346,1,14,-1,115,1,752,1021,1127,118,432,251
2020-06-01,PUE,3117,71,1657,145,4350,87,355,9,20,6,117,2,685,1089,1047,85,456,185
2020-06-02,PUE,3239,122,1871,214,4459,109,385,30,21,1,119,2,703,1219,1033,86,594,187
2020-06-03,PUE,3446,207,1868,-3,4713,254,421,36,28,7,129,10,733,1193,1078,127,601,224
2020-06-04,PUE,3611,165,1922,54,4897,184,451,30,28,0,136,7,764,1239,1106,139,603,236
2020-06-05,PUE,3804,193,1964,42,5073,176,509,58,34,6,153,17,805,1247,1093,152,643,283
2020-06-06,PUE,4014,210,1965,1,5251,178,539,30,42,8,162,9,837,1243,1122,180,602,301
2020-06-07,PUE,4236,222,1690,-275,5481,230,552,13,31,-11,166,4,909,1008,1206,185,449,347
2020-06-08,PUE,4369,133,1796,106,5600,119,598,46,38,7,171,5,854,1117,1078,122,498,243
2020-06-09,PUE,4497,128,2231,435,5732,132,635,37,53,15,179,8,835,1519,1090,136,697,219
2020-06-10,PUE,4742,245,2414,183,5932,200,651,16,54,1,187,8,917,1701,1128,174,812,218
2020-06-11,PUE,4988,246,2484,70,6267,335,677,26,56,2,193,6,980,1787,1260,194,892,293
2020-06-12,PUE,5166,178,2611,127,6568,301,701,24,62,6,201,8,1018,1892,1420,196,946,334
2020-06-13,PUE,5388,222,2421,-190,7006,438,710,9,67,5,203,2,1110,1676,1658,250,810,399
2020-06-14,PUE,5585,197,2203,-218,7272,266,715,5,68,1,203,0,1188,1406,1808,284,613,500
2020-06-15,PUE,5672,87,2476,273,7389,117,717,2,74,6,205,2,1027,1521,1571,197,713,392
2020-06-16,PUE,5901,229,2806,330,7551,162,760,43,106,32,213,8,1082,1814,1489,192,924,306
2020-06-17,PUE,6284,383,2960,154,7704,153,805,45,100,-6,216,3,1251,1981,1449,228,1000,249
2020-06-18,PUE,6590,306,3120,160,7932,228,858,53,95,-5,220,4,1340,2133,1425,247,1121,231
2020-06-19,PUE,7049,459,3115,-5,8145,213,894,36,92,-3,233,13,1529,2127,1402,332,1118,226
2020-06-20,PUE,7336,287,3144,29,8307,162,909,15,90,-2,235,2,1596,2093,1402,353,1045,261
2020-06-21,PUE,7643,307,2958,-186,8444,137,920,11,91,1,235,0,1720,1872,1411,392,889,245
2020-06-22,PUE,7870,227,3106,148,8562,118,945,25,101,10,244,9,1681,1921,1274,274,868,201
2020-06-23,PUE,8427,557,3247,141,8856,294,972,27,103,2,247,3,1973,2051,1313,329,1058,223
2020-06-24,PUE,8742,315,3515,268,9011,155,1006,34,88,-15,250,3,1841,2264,1173,299,1292,208
2020-06-25,PUE,9014,272,3925,410,9150,139,1080,74,84,-4,264,14,1842,2620,1126,302,1407,190
2020-06-26,PUE,9301,287,4197,272,9448,298,1132,52,81,-3,267,3,1774,2849,1233,253,1453,265
2020-06-27,PUE,9522,221,4452,255,9563,115,1157,25,89,8,272,5,1711,3066,1214,151,1383,213
2020-06-28,PUE,9934,412,3935,-517,9941,378,1188,31,76,-13,273,1,1826,2553,1444,168,1153,267
2020-06-29,PUE,10227,293,4044,109,10094,153,1213,25,80,4,273,0,1632,2528,1312,149,1070,219
2020-06-30,PUE,10530,303,4420,376,10222,128,1246,33,93,13,276,3,1607,2758,1231,123,1313,168
2020-07-01,PUE,10719,189,4694,274,10540,318,1307,61,85,-8,281,5,1448,3080,1304,60,1498,141
2020-07-02,PUE,11161,442,4698,4,10863,323,1373,66,80,-5,291,10,1419,3107,1342,64,1519,122
2020-07-03,PUE,11557,396,4820,122,11107,244,1424,51,71,-9,297,6,1309,3168,1316,59,1569,101
2020-07-04,PUE,11874,317,4753,-67,11363,256,1445,21,75,4,302,5,1175,3019,1184,76,1475,125
2020-07-05,PUE,12049,175,4712,-41,11506,143,1454,9,73,-2,302,0,1130,2924,1152,88,1292,138
2020-07-06,PUE,12250,201,4728,16,11726,220,1483,29,78,5,305,3,995,2892,1061,76,1188,102
2020-07-07,PUE,12475,225,4975,247,12051,325,1527,44,104,26,313,8,941,3136,1110,50,1287,91
2020-07-08,PUE,12841,366,4936,-39,12431,380,1583,56,96,-8,321,8,936,3280,1138,39,1301,69
2020-07-09,PUE,13301,460,4358,-578,13250,819,1632,49,86,-10,326,5,1053,2781,1503,54,1223,130
2020-07-10,PUE,13752,451,4318,-40,13575,325,1710,78,92,6,333,7,1166,2734,1459,91,1285,111
2020-07-11,PUE,14035,283,4079,-239,13965,390,1737,27,86,-6,342,9,1173,2543,1586,104,1179,127
2020-07-12,PUE,14246,211,3907,-172,14175,210,1745,8,89,3,342,0,1157,2311,1569,101,986,142
2020-07-13,PUE,14349,103,4276,369,14338,163,1766,21,103,14,344,2,1005,2580,1422,65,1019,111
2020-07-14,PUE,14691,342,4522,246,14586,248,1804,38,124,21,345,1,1002,2804,1304,45,1241,89
2020-07-15,PUE,14876,185,4700,178,14792,206,1830,26,144,20,347,2,878,2793,1160,44,1250,92
2020-07-16,PUE,15182,306,4726,26,15051,259,1861,31,141,-3,354,7,876,2741,1083,57,1250,87
2020-07-17,PUE,15495,313,4889,163,15272,221,1897,36,147,6,358,4,940,2883,1017,65,1207,66
2020-07-18,PUE,15815,320,5031,142,15519,247,1935,38,157,10,364,6,1022,2962,1046,76,1280,54
2020-07-19,PUE,16126,311,4863,-168,15705,186,1956,21,144,-13,368,4,1003,2778,1030,97,1161,63
2020-07-20,PUE,16386,260,4591,-272,15948,243,1970,14,137,-7,372,4,1000,2461,974,62,950,34
2020-07-21,PUE,16602,216,4864,273,16318,370,1999,29,148,11,379,7,950,2638,1081,64,1046,110
2020-07-22,PUE,16959,357,5174,310,16401,83,2047,48,156,8,382,3,1042,2907,945,99,1164,62
2020-07-23,PUE,17797,838,4381,-793,17112,711,2092,45,149,-7,385,3,1514,2218,1400,183,1098,190
2020-07-24,PUE,18019,222,4487,106,17462,350,2122,30,165,16,393,8,1349,2213,1401,117,1067,297
2020-07-25,PUE,18420,401,4473,-14,17731,269,2173,51,167,2,403,10,1405,2235,1422,109,1029,265
2020-07-26,PUE,18590,170,4345,-128,17980,249,2181,8,162,-5,405,2,1317,2036,1497,67,863,339
2020-07-27,PUE,18831,241,4143,-202,18145,165,2222,41,158,-4,410,5,1223,1788,1423,52,597,256
2020-07-28,PUE,19017,186,4505,362,18350,205,2268,46,173,15,417,7,1179,2074,1398,43,837,208
2020-07-29,PUE,19232,215,4614,109,18552,202,2310,42,174,1,421,4,1097,2130,1353,47,975,134
2020-07-30,PUE,19573,341,4616,2,18800,248,2352,42,172,-2,430,9,1190,2115,1401,84,936,181
2020-07-31,PUE,20026,453,4573,-43,19013,213,2416,64,174,2,442,12,1269,2064,1363,134,933,163
2020-08-01,PUE,20355,329,4588,15,19293,280,2446,30,182,8,445,3,1253,2095,1336,118,933,149
2020-08-02,PUE,20425,70,4355,-233,19436,143,2468,22,172,-10,443,-2,1263,1910,1371,113,855,156
2020-08-03,PUE,20448,23,4325,-30,19613,177,2477,9,169,-3,444,1,961,1739,1181,48,641,175
2020-08-04,PUE,21019,571,4188,-137,20018,405,2531,54,177,8,448,4,1199,1609,1324,70,718,177
2020-08-05,PUE,21345,326,4327,139,20263,245,2567,36,176,-1,454,6,1276,1706,1333,119,782,203
2020-08-06,PUE,21650,305,4375,48,20604,341,2652,85,185,9,462,8,1240,1730,1415,150,878,214
2020-08-07,PUE,21987,337,4330,-45,20911,307,2699,47,191,6,469,7,1293,1674,1504,173,870,266
2020-08-08,PUE,22086,99,4671,341,21149,238,2758,59,208,17,475,6,1096,1888,1467,131,928,226
2020-08-09,PUE,22369,283,4272,-399,21503,354,2768,10,197,-11,485,10,1161,1510,1608,153,798,245
2020-08-10,PUE,22673,304,3710,-562,21952,449,2799,31,191,-6,494,9,1106,1028,1721,119,480,351
2020-08-11,PUE,22985,312,3842,132,22239,287,2841,42,178,-13,514,20,1131,1251,1620,143,648,274
2020-08-12,PUE,23311,326,3802,-40,22507,268,2889,48,174,-4,515,1,1232,1228,1630,162,693,219
2020-08-13,PUE,23599,288,3755,-47,22879,372,2945,56,173,-1,525,10,1284,1202,1747,189,644,327
2020-08-14,PUE,23879,280,3692,-63,23205,326,2976,31,179,6,540,15,1342,1151,1821,185,642,389
2020-08-15,PUE,24118,239,3733,41,23493,288,3004,28,174,-5,542,2,1251,1146,1771,188,689,426
2020-08-16,PUE,24383,265,3448,-285,23749,256,3015,11,173,-1,544,2,1321,866,1862,234,549,492
2020-08-17,PUE,24487,104,3374,-74,23876,127,3041,26,175,2,545,1,1191,775,1717,155,404,345
2020-08-18,PUE,24605,118,3674,300,24060,184,3122,81,185,10,562,17,1089,1049,1658,107,607,252
2020-08-19,PUE,24767,162,3956,282,24186,126,3172,50,179,-6,571,9,1027,1316,1477,117,763,207
2020-08-20,PUE,25064,297,3760,-196,24576,390,3195,23,172,-7,579,8,1109,1134,1620,155,698,302
2020-08-21,PUE,25252,188,3725,-35,24936,360,3223,28,183,11,587,8,1085,1101,1746,170,666,377
2020-08-22,PUE,25435,183,3913,188,25141,205,3263,40,183,0,592,5,1071,1259,1744,162,700,381
