Fecha,Estado,Positivos,Positivos_Delta,Sospechosos,Sospechosos_Delta,Negativos,Negativos_Delta,Defunciones_Positivos,Defunciones_Positivos_Delta,Defunciones_Sospechosos,Defunciones_Sospechosos_Delta,Defunciones_Negativos,Defunciones_Negativos_Delta,Positivos_Sintomas_14_Dias,Sospechosos_Sintomas_14_Dias,Negativos_Sintomas_14_Dias,Positivos_Sintomas_7_Dias,Sospechosos_Sintomas_7_Dias,Negativos_Sintomas_7_Dias
2020-04-12,NLE,119,0,1535,0,1569,0,4,0,0,0,2,0,29,1366,348,5,975,37
2020-04-13,NLE,127,8,1711,176,1593,24,4,0,0,0,2,0,34,1498,312,3,974,21
2020-04-14,NLE,131,4,1905,194,1648,55,4,0,0,0,2,0,33,1669,295,5,957,6
2020-04-15,NLE,145,14,1992,87,1820,172,4,0,0,0,2,0,39,1704,378,2,919,23
2020-04-16,NLE,156,11,2079,87,2072,252,4,0,0,0,2,0,42,1791,536,8,948,9
2020-04-17,NLE,156,0,2225,146,2082,10,4,0,1,1,2,0,34,1938,509,5,872,5
2020-04-18,NLE,169,13,2167,-58,2179,97,5,1,1,0,2,0,42,1876,540,1,703,21
2020-04-19,NLE,174,5,2175,8,2184,5,5,0,0,-1,3,1,40,1832,453,2,550,22
2020-04-20,NLE,193,19,2120,-55,2293,109,5,0,0,0,3,0,50,1694,439,3,359,42
2020-04-21,NLE,194,1,1874,-246,2414,121,5,0,2,2,3,0,40,1543,367,1,321,20
2020-04-22,NLE,211,17,1554,-320,2743,329,5,0,2,0,7,4,48,1260,428,2,198,49
2020-04-23,NLE,249,38,1296,-258,3071,328,6,1,1,-1,7,0,71,974,510,10,125,71
2020-04-24,NLE,260,11,1133,-163,3300,229,8,2,0,-1,9,2,60,804,483,11,100,72
2020-04-25,NLE,271,11,848,-285,3640,340,8,0,1,1,9,0,59,647,490,14,81,109
2020-04-26,NLE,276,5,452,-396,4126,486,8,0,1,0,9,0,58,322,749,12,120,124
2020-04-27,NLE,284,8,400,-52,4324,198,9,1,0,-1,10,1,53,284,726,11,174,136
2020-04-28,NLE,299,15,420,20,4505,181,11,2,0,0,11,1,51,365,740,8,275,153
2020-04-29,NLE,313,14,474,54,4668,163,12,1,0,0,11,0,57,455,695,11,356,195
2020-04-30,NLE,334,21,570,96,4781,113,15,3,1,1,13,2,70,549,682,21,422,207
2020-05-01,NLE,366,32,558,-12,4940,159,16,1,1,0,14,1,94,541,748,34,394,226
2020-05-02,NLE,406,40,524,-34,5064,124,18,2,1,0,14,0,122,503,811,43,344,185
2020-05-03,NLE,418,12,382,-142,5295,231,19,1,1,0,14,0,126,361,965,39,251,213
2020-05-04,NLE,442,24,379,-3,5487,192,22,3,1,0,14,0,138,348,1058,34,262,219
2020-05-05,NLE,469,27,570,191,5526,39,24,2,1,0,16,2,159,534,1024,38,431,152
2020-05-06,NLE,511,42,627,57,5722,196,27,3,1,0,32,16,186,601,1129,64,500,208
2020-05-07,NLE,566,55,539,-88,5958,236,31,4,2,1,33,1,229,506,1263,102,394,350
2020-05-08,NLE,601,35,502,-37,6149,191,32,1,1,-1,33,0,249,476,1311,96,347,353
2020-05-09,NLE,607,6,571,69,6233,84,32,0,1,0,33,0,237,549,1203,84,396,323
2020-05-10,NLE,641,34,645,74,6325,92,32,0,1,0,33,0,248,624,1137,103,443,284
2020-05-11,NLE,664,23,710,65,6499,174,32,0,0,-1,34,1,239,685,1146,98,536,269
2020-05-12,NLE,687,23,539,-171,6895,396,35,3,0,0,34,0,247,517,1403,50,376,399
2020-05-13,NLE,717,30,638,99,7063,168,38,3,0,0,34,0,262,622,1451,61,464,448
2020-05-14,NLE,755,38,803,165,7270,207,41,3,0,0,34,0,278,784,1558,78,607,458
2020-05-15,NLE,776,21,1040,237,7334,64,48,7,0,0,35,1,265,1005,1408,58,812,318
2020-05-16,NLE,791,15,1221,181,7319,-15,48,0,0,0,35,0,264,1179,1289,51,941,229
2020-05-17,NLE,860,69,1173,-48,7513,194,48,0,0,0,35,0,317,1097,1339,86,788,275
2020-05-18,NLE,876,16,1257,84,7591,78,48,0,0,0,38,3,306,1161,1254,71,726,243
2020-05-19,NLE,957,81,1483,226,7613,22,54,6,1,1,50,12,309,1361,1063,87,762,162
2020-05-21,NLE,1036,79,1849,366,7926,313,58,4,1,0,53,3,333,1673,1081,62,895,228
2020-05-22,NLE,1089,53,1880,31,8270,344,62,4,1,0,54,1,339,1736,1181,75,1058,224
2020-05-23,NLE,1120,31,1998,118,8499,229,62,0,1,0,58,4,339,1856,1229,80,1208,226
2020-05-24,NLE,1149,29,2068,70,8643,144,62,0,1,0,61,3,331,1879,1163,79,1221,197
2020-05-25,NLE,1168,19,2075,7,8903,260,68,6,1,0,61,0,301,1874,1198,59,1182,152
2020-05-26,NLE,1222,54,2092,17,9256,353,72,4,2,1,66,5,308,1863,1277,55,1204,171
2020-05-27,NLE,1288,66,2188,96,9628,372,77,5,2,0,68,2,313,1956,1408,67,1392,152
2020-05-28,NLE,1324,36,2477,289,9894,266,82,5,2,0,68,0,310,2227,1469,74,1609,199
2020-05-29,NLE,1361,37,2703,226,10293,399,86,4,2,0,69,1,301,2437,1657,84,1846,229
2020-05-30,NLE,1372,11,2962,259,10482,189,88,2,4,2,71,2,288,2684,1676,68,1934,215
2020-05-31,NLE,1419,47,3112,150,10504,22,90,2,3,-1,71,0,302,2812,1490,64,1791,202
2020-06-01,NLE,1481,62,3065,-47,10684,180,98,8,3,0,72,1,309,2844,1251,50,1546,182
2020-06-02,NLE,1523,42,3242,177,10890,206,101,3,4,1,74,2,302,2983,1152,39,1479,167
2020-06-03,NLE,1626,103,3418,176,10985,95,105,4,3,-1,74,0,376,3121,987,59,1450,129
2020-06-04,NLE,1725,99,3781,363,11125,140,107,2,2,-1,77,3,440,3447,871,94,1573,140
2020-06-05,NLE,1758,33,4121,340,11293,168,111,4,2,0,79,2,428,3733,785,89,1681,192
2020-06-06,NLE,1798,40,4363,242,11484,191,128,17,3,1,85,6,392,3886,754,92,1826,195
2020-06-07,NLE,1915,117,4379,16,11667,183,132,4,0,-3,87,2,456,3766,762,123,1786,192
2020-06-08,NLE,1967,52,4020,-359,12330,663,132,0,0,0,88,1,425,3458,964,96,1658,181
2020-06-09,NLE,2010,43,3987,-33,12923,593,133,1,0,0,89,1,401,3472,1084,91,1771,234
2020-06-10,NLE,2121,111,4000,13,13326,403,138,5,0,0,95,6,448,3555,1045,106,1715,277
2020-06-11,NLE,2222,101,4274,274,13625,299,154,16,3,3,106,11,505,3837,988,103,1781,360
2020-06-12,NLE,2333,111,3948,-326,14402,777,158,4,4,1,131,25,561,3567,1448,93,1928,407
2020-06-13,NLE,2456,123,3798,-150,14961,559,167,9,3,-1,130,-1,630,3336,1820,124,2025,406
2020-06-14,NLE,2546,90,3293,-505,15755,794,167,0,3,0,130,0,662,2710,2459,135,1812,633
2020-06-15,NLE,2884,338,2983,-310,16116,361,183,16,5,2,149,19,882,2252,2524,191,1552,556
2020-06-16,NLE,2991,107,2921,-62,16745,629,191,8,6,1,164,15,916,2531,2439,185,1757,412
2020-06-17,NLE,3245,254,2853,-68,17262,517,199,8,6,0,166,2,1053,2485,2536,194,1730,382
2020-06-18,NLE,3400,155,2800,-53,17396,134,218,19,6,0,166,0,1092,2414,2264,172,1604,262
2020-06-19,NLE,3478,78,3018,218,17696,300,231,13,6,0,167,1,1025,2591,2286,134,1653,278
2020-06-20,NLE,3634,156,2943,-75,18031,335,238,7,5,-1,170,3,1053,2478,2328,145,1509,321
2020-06-21,NLE,3750,116,2976,33,18172,141,243,5,5,0,170,0,1037,2498,2238,143,1396,285
2020-06-22,NLE,3902,152,2833,-143,18439,267,251,8,5,0,170,0,897,2369,2109,126,1082,215
2020-06-23,NLE,4092,190,2848,15,18823,384,258,7,3,-2,173,3,900,2418,2043,140,1072,219
2020-06-24,NLE,4186,94,3284,436,18895,72,270,12,3,0,179,6,800,2766,1659,130,1245,153
2020-06-25,NLE,4580,394,3060,-224,19272,377,280,10,3,0,187,8,988,2533,1664,186,1271,189
2020-06-26,NLE,4690,110,3606,546,19348,76,297,17,4,1,209,22,918,2929,1474,182,1509,185
2020-06-27,NLE,4943,253,3580,-26,19681,333,301,4,4,0,209,0,994,2847,1519,198,1429,255
2020-06-28,NLE,5090,147,3337,-243,20173,492,301,0,4,0,209,0,992,2606,1700,188,1237,314
2020-06-29,NLE,5282,192,3052,-285,20688,515,312,11,5,1,219,10,930,2287,1734,166,1088,362
2020-06-30,NLE,5931,649,3069,17,20807,119,334,22,6,1,229,10,1246,2394,1540,203,1250,294
2020-07-01,NLE,6226,295,3355,286,20949,142,346,12,7,1,235,6,1336,2658,1441,203,1498,253
2020-07-02,NLE,6656,430,3131,-224,21426,477,363,17,8,1,238,3,1504,2431,1712,207,1560,255
2020-07-03,NLE,6843,187,3436,305,21594,168,386,23,10,2,245,7,1464,2712,1667,175,1654,233
2020-07-04,NLE,7227,384,3259,-177,21945,351,399,13,11,1,249,4,1565,2465,1792,262,1472,341
2020-07-05,NLE,7496,269,3234,-25,22106,161,403,4,9,-2,268,19,1588,2409,1691,239,1388,271
2020-07-06,NLE,7845,349,3063,-171,22421,315,419,16,8,-1,271,3,1642,2203,1742,227,1237,265
2020-07-07,NLE,8090,245,3622,559,22570,149,446,27,10,2,282,11,1605,2724,1611,252,1486,247
2020-07-08,NLE,8428,338,3956,334,22816,246,467,21,11,1,318,36,1719,2997,1621,278,1537,289
2020-07-09,NLE,8942,514,3825,-131,23219,403,488,21,9,-2,321,3,1890,2922,1717,354,1507,339
2020-07-10,NLE,9140,198,4271,446,23351,132,509,21,9,0,321,0,1773,3309,1577,302,1623,297
2020-07-11,NLE,9459,319,4063,-208,23418,67,525,16,10,1,321,0,1895,3107,1689,360,1431,348
2020-07-12,NLE,9747,288,4061,-2,23634,216,526,1,9,-1,321,0,1845,3129,1597,321,1345,320
2020-07-13,NLE,10212,465,3865,-196,23892,258,545,19,11,2,332,11,1915,2886,1569,290,1157,268
2020-07-14,NLE,10575,363,4218,353,24139,247,584,39,10,-1,337,5,1944,3127,1556,291,1341,254
2020-07-15,NLE,10830,255,4412,194,24315,176,591,7,10,0,338,1,1851,3157,1457,304,1412,225
2020-07-16,NLE,11108,278,4627,215,24533,218,624,33,11,1,341,3,1806,3254,1396,290,1473,223
2020-07-17,NLE,11411,303,5152,525,24683,150,639,15,13,2,343,2,1731,3666,1301,292,1553,234
2020-07-18,NLE,11640,229,5595,443,24753,70,669,30,17,4,344,1,1643,3994,1151,354,1576,232
2020-07-19,NLE,12055,415,5487,-108,24990,237,669,0,17,0,344,0,1676,3812,1135,344,1385,234
2020-07-20,NLE,12575,520,4994,-493,25323,333,669,0,17,0,350,6,1678,3284,1175,278,1011,219
2020-07-21,NLE,13021,446,5112,118,25623,300,748,79,15,-2,360,10,1732,3262,1245,270,1055,261
2020-07-22,NLE,13217,196,5735,623,25719,96,793,45,16,1,373,13,1633,3680,1147,275,1115,257
2020-07-23,NLE,13720,503,5760,25,25963,244,818,25,17,1,383,10,1799,3603,1204,326,1166,290
2020-07-24,NLE,14358,638,5775,15,26276,313,875,57,21,4,388,5,1876,3511,1259,385,1243,303
2020-07-25,NLE,14646,288,6260,485,26448,172,911,36,25,4,407,19,1809,3831,1266,379,1437,320
2020-07-26,NLE,15144,498,5998,-262,26680,232,922,11,25,0,409,2,1873,3531,1228,368,1203,284
2020-07-27,NLE,15513,369,5742,-256,26864,184,925,3,24,-1,413,4,1721,3155,1121,248,845,220
2020-07-28,NLE,15653,140,5902,160,26940,76,964,39,24,0,420,7,1550,3102,1020,210,683,190
2020-07-29,NLE,16056,403,5620,-282,27188,248,979,15,23,-1,421,1,1371,2887,996,138,611,109
2020-07-30,NLE,16441,385,5669,49,27465,277,1025,46,27,4,435,14,1336,2937,974,231,554,151
2020-07-31,NLE,17138,697,5172,-497,27844,379,1064,39,29,2,447,12,1349,2787,915,286,549,198
2020-08-01,NLE,18032,894,4323,-849,28318,474,1118,54,29,0,470,23,1531,2359,1002,319,484,240
2020-08-02,NLE,18862,830,3368,-955,28735,417,1136,18,29,0,478,8,1702,1677,1082,283,435,251
2020-08-03,NLE,19256,394,2967,-401,28978,243,1143,7,31,2,478,0,1463,1249,1010,208,330,214
2020-08-04,NLE,19863,607,2590,-377,29368,390,1184,41,33,2,490,12,1563,1023,1117,236,413,241
2020-08-05,NLE,20321,458,2555,-35,29597,229,1286,102,30,-3,493,3,1524,1127,1090,238,595,257
2020-08-06,NLE,20538,217,2693,138,29816,219,1318,32,33,3,505,12,1558,1215,1143,316,666,305
2020-08-07,NLE,20984,446,2560,-133,30087,271,1383,65,37,4,518,13,1706,1105,1267,394,628,391
2020-08-08,NLE,21327,343,2662,102,30284,197,1417,34,40,3,521,3,1800,1139,1316,403,600,374
2020-08-09,NLE,21529,202,2723,61,30395,111,1424,7,40,0,522,1,1765,1149,1302,376,582,350
2020-08-10,NLE,21978,449,2326,-397,30681,286,1489,65,42,2,539,17,1847,768,1371,341,354,329
2020-08-11,NLE,22328,350,2335,9,30948,267,1574,85,48,6,566,27,1892,850,1420,332,416,321
2020-08-12,NLE,22577,249,2650,315,31127,179,1621,47,49,1,575,9,1928,1144,1458,320,624,331
2020-08-13,NLE,23058,481,2505,-145,31439,312,1658,37,46,-3,579,4,2055,1135,1571,354,646,424
2020-08-14,NLE,23411,353,2679,174,31673,234,1717,59,45,-1,589,10,2042,1407,1627,345,821,458
2020-08-15,NLE,23727,316,2630,-49,31968,295,1761,44,45,0,595,6,1988,1300,1682,339,767,462
2020-08-16,NLE,23951,224,2634,4,32173,205,1761,0,45,0,595,0,1962,1288,1705,341,691,448
2020-08-17,NLE,24120,169,2677,43,32283,110,1766,5,45,0,597,2,1724,1289,1568,267,600,352
2020-08-18,NLE,24408,288,2900,223,32474,191,1855,89,45,0,611,14,1725,1469,1545,256,792,303
2020-08-19,NLE,24964,556,2631,-269,32897,423,1891,36,43,-2,624,13,1969,1227,1770,340,715,381
2020-08-20,NLE,25306,342,2715,84,33131,234,1940,49,45,2,646,22,2023,1280,1831,375,747,405
2020-08-21,NLE,25743,437,2586,-129,33393,262,1960,20,44,-1,654,8,2053,1221,1879,381,704,410
2020-08-22,NLE,26147,404,2631,45,33673,280,1990,30,44,0,661,7,2117,1244,1904,435,668,454
2020-08-23,NLE,26487,340,2423,-208,33928,255,1990,0,43,-1,662,1,2200,1014,1939,444,499,479
2020-08-24,NLE,26698,211,2305,-118,34090,162,1994,4,42,-1,662,0,2021,852,1796,339,395,382
2020-08-25,NLE,27063,365,2439,134,34350,260,2052,58,42,0,670,8,2094,941,1819,339,524,400
2020-08-26,NLE,27314,251,2839,400,34540,190,2090,38,43,1,680,10,2063,1292,1769,332,801,390
2020-08-27,NLE,27755,441,3045,206,34874,334,2121,31,44,1,686,6,2234,1475,1900,447,828,456
2020-08-28,NLE,28155,400,3278,233,35223,349,2158,37,46,2,697,11,2338,1652,2025,469,974,497
2020-08-29,NLE,28460,305,3525,247,35518,295,2214,56,47,1,739,42,2299,1852,2064,457,1057,550
2020-08-30,NLE,28673,213,3559,34,35755,237,2215,1,47,0,740,1,2229,1860,2075,366,998,511
2020-08-31,NLE,29083,410,3058,-501,36150,395,2221,6,48,1,745,5,2362,1312,2187,382,608,472
2020-09-01,NLE,29524,441,3013,-45,36495,345,2273,52,49,1,766,21,2467,1215,2288,346,632,440
2020-09-02,NLE,29951,427,3143,130,36844,349,2319,46,54,5,776,10,2584,1329,2384,357,770,413
2020-09-03,NLE,30311,360,3520,377,37182,338,2350,31,55,1,785,9,2495,1632,2391,375,1031,454
2020-09-04,NLE,30679,368,3851,331,37565,383,2383,33,56,1,796,11,2482,1927,2459,377,1275,501
2020-09-05,NLE,31125,446,3856,5,38037,472,2432,49,58,2,824,28,2588,1899,2659,475,1253,689
2020-09-06,NLE,31473,348,3525,-331,38431,394,2432,0,58,0,824,0,2570,1542,2762,479,928,711
2020-09-07,NLE,31759,286,3168,-357,38753,322,2440,8,58,0,824,0,2419,1131,2697,408,575,612
2020-09-08,NLE,32062,303,3341,173,39088,335,2498,58,61,3,833,9,2335,1235,2679,331,648,455
2020-09-09,NLE,32317,255,3748,407,39383,295,2529,31,60,-1,846,13,2270,1574,2613,268,979,415
