Fecha,Estado,Positivos,Positivos_Delta,Sospechosos,Sospechosos_Delta,Negativos,Negativos_Delta,Defunciones_Positivos,Defunciones_Positivos_Delta,Defunciones_Sospechosos,Defunciones_Sospechosos_Delta,Defunciones_Negativos,Defunciones_Negativos_Delta,Positivos_Sintomas_14_Dias,Sospechosos_Sintomas_14_Dias,Negativos_Sintomas_14_Dias,Positivos_Sintomas_7_Dias,Sospechosos_Sintomas_7_Dias,Negativos_Sintomas_7_Dias
2020-04-12,TAM,56,0,129,0,391,0,3,0,2,0,10,0,31,89,188,0,49,60
2020-04-13,TAM,57,1,136,7,422,31,3,0,2,0,12,2,25,95,196,2,57,62
2020-04-14,TAM,59,2,180,44,447,25,3,0,4,2,12,0,23,136,199,3,77,67
2020-04-15,TAM,64,5,217,37,494,47,4,1,7,3,12,0,24,161,220,6,95,101
2020-04-16,TAM,82,18,225,8,590,96,4,0,5,-2,14,2,37,170,288,14,122,152
2020-04-17,TAM,95,13,241,16,623,33,5,1,5,0,14,0,44,207,312,21,160,155
2020-04-18,TAM,119,24,224,-17,708,85,5,0,4,-1,16,2,60,189,376,39,134,226
2020-04-19,TAM,128,9,141,-83,810,102,5,0,4,0,16,0,68,106,450,41,54,284
2020-04-20,TAM,134,6,175,34,834,24,5,0,4,0,16,0,73,145,444,33,86,228
2020-04-21,TAM,145,11,158,-17,907,73,7,2,3,-1,16,0,80,133,485,34,75,244
2020-04-22,TAM,165,20,151,-7,1026,119,8,1,0,-3,22,6,98,130,544,41,72,228
2020-04-23,TAM,190,25,158,7,1119,93,9,1,0,0,23,1,117,144,607,43,81,220
2020-04-24,TAM,204,14,194,36,1214,95,10,1,0,0,24,1,126,176,654,37,111,240
2020-04-25,TAM,216,12,249,55,1243,29,11,1,2,2,25,1,130,228,662,33,153,194
2020-04-26,TAM,261,45,158,-91,1418,175,11,0,1,-1,27,2,162,133,804,64,72,303
2020-04-27,TAM,287,26,206,48,1476,58,12,1,1,0,29,2,167,175,766,72,119,266
2020-04-28,TAM,295,8,266,60,1553,77,15,3,3,2,30,1,164,224,778,66,158,275
2020-04-29,TAM,308,13,259,-7,1705,152,18,3,1,-2,33,3,168,227,830,65,167,354
2020-04-30,TAM,315,7,346,87,1782,77,18,0,2,1,33,0,158,308,831,46,240,346
2020-05-01,TAM,338,23,330,-16,1917,135,20,2,0,-2,35,2,161,303,894,56,239,401
2020-05-02,TAM,362,24,359,29,1980,63,21,1,0,0,35,0,160,327,879,45,238,399
2020-05-03,TAM,380,18,264,-95,2105,125,22,1,1,1,35,0,169,236,957,38,146,431
2020-05-04,TAM,388,8,319,55,2141,36,23,1,1,0,37,2,154,283,899,23,170,324
2020-05-05,TAM,396,8,372,53,2201,60,25,2,2,1,38,1,142,329,886,16,194,266
2020-05-06,TAM,415,19,478,106,2212,11,26,1,1,-1,40,2,149,430,840,16,270,188
2020-05-07,TAM,440,25,489,11,2332,120,27,1,1,0,40,0,146,444,868,27,267,189
2020-05-08,TAM,442,2,558,69,2326,-6,30,3,2,1,40,0,137,512,827,16,305,165
2020-05-09,TAM,708,266,441,-117,2452,126,36,6,1,-1,41,1,215,412,870,48,226,215
2020-05-10,TAM,737,29,260,-181,2670,218,37,1,0,-1,42,1,213,232,992,50,96,298
2020-05-11,TAM,756,19,254,-6,2723,53,44,7,1,1,41,-1,193,217,883,46,108,233
2020-05-12,TAM,788,32,289,35,2841,118,46,2,1,0,42,1,188,256,857,39,155,233
2020-05-13,TAM,799,11,381,92,2919,78,48,2,2,1,43,1,172,347,827,30,233,214
2020-05-14,TAM,864,65,501,120,2959,40,50,2,2,0,43,0,219,465,740,40,354,190
2020-05-15,TAM,890,26,566,65,3150,191,53,3,1,-1,42,-1,206,519,836,46,418,307
2020-05-16,TAM,919,29,658,92,3276,126,58,5,1,0,43,1,210,611,892,52,495,383
2020-05-17,TAM,939,20,584,-74,3434,158,58,0,1,0,43,0,211,530,972,52,368,472
2020-05-18,TAM,993,54,546,-38,3541,107,58,0,2,1,43,0,219,479,976,63,298,478
2020-05-19,TAM,1058,65,677,131,3723,182,65,7,6,4,44,1,246,595,1069,65,460,507
2020-05-21,TAM,1105,47,979,302,4017,294,70,5,5,-1,50,6,238,889,1200,55,691,373
2020-05-22,TAM,1126,21,1111,132,4140,123,73,3,4,-1,54,4,239,1015,1246,34,751,312
2020-05-23,TAM,1183,57,1110,-1,4312,172,76,3,5,1,55,1,267,1004,1367,43,721,424
2020-05-24,TAM,1212,29,1279,169,4320,8,77,1,6,1,56,1,262,1158,1274,47,846,392
2020-05-25,TAM,1289,77,1486,207,4340,20,80,3,9,3,57,1,298,1355,1178,49,993,270
2020-05-26,TAM,1300,11,1667,181,4456,116,83,3,10,1,61,4,274,1491,1196,33,1011,161
2020-05-27,TAM,1360,60,1467,-200,4889,433,87,4,13,3,67,6,297,1274,1426,43,736,406
2020-05-28,TAM,1441,81,1495,28,5103,214,88,1,14,1,68,1,324,1280,1385,61,775,451
2020-05-29,TAM,1504,63,1571,76,5274,171,94,6,15,1,72,4,321,1350,1317,72,801,394
2020-05-30,TAM,1554,50,1671,100,5341,67,99,5,13,-2,76,4,331,1434,1301,81,799,338
2020-05-31,TAM,1557,3,1916,245,5345,4,100,1,14,1,76,0,303,1639,1255,58,933,249
2020-06-01,TAM,1646,89,2117,201,5403,58,101,1,15,1,76,0,323,1781,1124,54,1054,121
2020-06-02,TAM,1730,84,2347,230,5502,99,107,6,14,-1,78,2,338,1935,959,56,1247,40
2020-06-03,TAM,1793,63,2374,27,5820,318,117,10,15,1,80,2,332,1938,1045,36,1289,109
2020-06-04,TAM,1848,55,2427,53,6081,261,120,3,14,-1,85,5,323,2008,1134,23,1453,55
2020-06-05,TAM,1952,104,2324,-103,6403,322,130,10,13,-1,96,11,363,1881,1216,46,1320,196
2020-06-06,TAM,2077,125,2094,-230,6761,358,138,8,12,-1,96,0,403,1657,1376,44,1225,249
2020-06-07,TAM,2179,102,1716,-378,7193,432,145,7,11,-1,97,1,435,1281,1643,68,882,429
2020-06-08,TAM,2305,126,1446,-270,7593,400,147,2,11,0,100,3,443,1024,1788,71,701,476
2020-06-09,TAM,2395,90,1488,42,7852,259,154,7,10,-1,101,1,458,1077,1828,67,758,426
2020-06-10,TAM,2506,111,1601,113,8049,197,162,8,11,1,102,1,467,1189,1807,68,874,350
2020-06-11,TAM,2582,76,1842,241,8155,106,168,6,10,-1,107,5,463,1417,1729,67,1064,251
2020-06-12,TAM,2811,229,1861,19,8401,246,175,7,10,0,111,4,576,1447,1797,120,1140,255
2020-06-13,TAM,2968,157,1939,78,8650,249,186,11,11,1,112,1,621,1538,1830,142,1240,358
2020-06-14,TAM,3076,108,2001,62,8738,88,187,1,14,3,113,1,653,1585,1699,151,1260,354
2020-06-15,TAM,3114,38,2160,159,8733,-5,193,6,12,-2,116,3,571,1745,1493,106,1362,238
2020-06-16,TAM,3385,271,2065,-95,9245,512,204,11,17,5,120,4,745,1624,1722,200,1253,462
2020-06-17,TAM,3520,135,2259,194,9597,352,218,14,16,-1,122,2,805,1799,1810,187,1383,496
2020-06-18,TAM,3733,213,2409,150,9766,169,229,11,16,0,123,1,930,1933,1752,248,1496,424
2020-06-19,TAM,3843,110,2686,277,9828,62,247,18,17,1,126,3,924,2188,1606,157,1652,222
2020-06-20,TAM,3960,117,2502,-184,10258,430,255,8,21,4,128,2,936,1991,1887,153,1382,419
2020-06-21,TAM,4114,154,2437,-65,10454,196,259,4,22,1,128,0,995,1899,1957,154,1223,419
2020-06-22,TAM,4348,234,2351,-86,10648,194,262,3,25,3,128,0,997,1808,1931,132,1008,332
2020-06-23,TAM,4524,176,2577,226,10803,155,272,10,25,0,128,0,1015,1984,1847,123,1024,134
2020-06-24,TAM,4825,301,2674,97,10959,156,288,16,19,-6,130,2,1120,2049,1688,125,1156,20
2020-06-25,TAM,5074,249,2544,-130,11354,395,300,12,18,-1,132,2,1217,1909,1812,151,1022,134
2020-06-26,TAM,5214,140,2875,331,11497,143,309,9,16,-2,136,4,1105,2193,1626,107,1161,88
2020-06-27,TAM,5379,165,3207,332,11609,112,319,10,16,0,139,3,1092,2471,1516,73,1134,67
2020-06-28,TAM,5712,333,3093,-114,11661,52,329,10,18,2,141,2,1225,2334,1321,104,998,44
2020-06-29,TAM,5819,107,3135,42,11911,250,342,13,20,2,143,2,1089,2237,1213,68,879,123
2020-06-30,TAM,5918,99,3709,574,11936,25,346,4,29,9,147,4,945,2695,824,37,1087,28
2020-07-01,TAM,6041,123,4222,513,12015,79,356,10,38,9,150,3,855,3103,664,34,1167,35
2020-07-02,TAM,6553,512,4056,-166,12383,368,382,26,41,3,160,10,1051,2906,826,72,1224,69
2020-07-03,TAM,6955,402,3969,-87,12766,383,425,43,38,-3,163,3,1146,2778,984,28,1171,65
2020-07-04,TAM,7215,260,4136,167,12824,58,447,22,37,-1,167,4,1085,2768,816,55,1136,48
2020-07-05,TAM,7266,51,4242,106,13021,197,448,1,37,0,169,2,930,2777,873,33,947,64
2020-07-06,TAM,7442,176,4535,293,13139,118,455,7,44,7,171,2,831,2935,809,5,995,12
2020-07-07,TAM,7656,214,5133,598,13232,93,465,10,58,14,175,4,777,3364,687,25,1177,11
2020-07-08,TAM,8013,357,5550,417,13317,85,508,43,61,3,185,10,823,3680,587,9,1196,15
2020-07-09,TAM,8286,273,5629,79,13680,363,531,23,63,2,189,4,824,3862,546,14,1270,19
2020-07-10,TAM,8582,296,5598,-31,14163,483,542,11,62,-1,193,4,749,3794,640,40,1261,16
2020-07-11,TAM,8784,202,5277,-321,14838,675,566,24,67,5,199,6,716,3573,895,37,1108,44
2020-07-12,TAM,8845,61,5441,164,14919,81,572,6,80,13,205,6,600,3571,765,39,859,33
2020-07-13,TAM,9095,250,5488,47,15181,262,586,14,82,2,212,7,671,3351,807,75,713,67
2020-07-14,TAM,9508,413,5835,347,15324,143,611,25,60,-22,232,20,892,3462,763,60,948,50
2020-07-15,TAM,9687,179,6065,230,15618,294,620,9,50,-10,243,11,874,3219,797,35,981,56
2020-07-16,TAM,10025,338,5903,-162,16103,485,630,10,57,7,254,11,885,3003,960,20,921,34
2020-07-17,TAM,10499,474,5940,37,16379,276,663,33,60,3,261,7,854,3150,876,25,913,24
2020-07-18,TAM,11003,504,5780,-160,16788,409,677,14,61,1,263,2,848,3256,807,26,927,33
2020-07-19,TAM,11191,188,5645,-135,17211,423,683,6,52,-9,273,10,764,2987,946,25,696,61
2020-07-20,TAM,11299,108,5880,235,17282,71,687,4,51,-1,275,2,652,3017,747,25,600,21
2020-07-21,TAM,11851,552,5955,75,17635,353,727,40,61,10,284,9,762,3232,676,24,838,33
2020-07-22,TAM,12321,470,6054,99,17979,344,775,48,71,10,304,20,832,3267,770,30,883,43
2020-07-23,TAM,12437,116,6478,424,18236,257,796,21,70,-1,318,14,716,3504,721,26,973,22
2020-07-24,TAM,12833,396,6545,67,18557,321,821,25,62,-8,337,19,684,3382,698,41,893,23
2020-07-25,TAM,13250,417,6099,-446,19309,752,863,42,58,-4,343,6,838,3024,960,27,835,45
2020-07-26,TAM,13371,121,6234,135,19388,79,871,8,57,-1,345,2,747,2995,831,15,701,39
2020-07-27,TAM,13712,341,5829,-405,19816,428,880,9,48,-9,349,4,790,2447,1004,20,414,53
2020-07-28,TAM,14030,318,5965,136,20073,257,914,34,42,-6,359,10,723,2737,910,12,605,18
2020-07-29,TAM,14365,335,6169,204,20092,19,931,17,43,1,368,9,630,2875,657,5,643,5
2020-07-30,TAM,15142,777,5837,-332,20298,206,956,25,46,3,374,6,707,2777,609,11,703,10
2020-07-31,TAM,16489,1347,4825,-1012,20819,521,987,31,47,1,388,14,791,2573,711,18,735,16
2020-08-01,TAM,17130,641,4697,-128,21057,238,1008,21,46,-1,397,9,786,2587,686,28,758,17
2020-08-02,TAM,17245,115,4732,35,21240,183,1012,4,40,-6,401,4,694,2512,646,32,631,32
2020-08-03,TAM,17311,66,4757,25,21461,221,1013,1,37,-3,403,2,492,2238,570,21,409,27
2020-08-04,TAM,17388,77,5485,728,21624,163,1083,70,54,17,416,13,446,2711,556,16,623,17
2020-08-05,TAM,17448,60,5800,315,21959,335,1118,35,63,9,430,14,384,2842,654,15,732,43
2020-08-06,TAM,17529,81,6275,475,22097,138,1179,61,68,5,446,16,334,3102,605,14,828,24
2020-08-07,TAM,17759,230,6678,403,22187,90,1227,48,62,-6,472,26,327,3270,522,13,878,29
2020-08-08,TAM,17903,144,7075,397,22330,143,1259,32,68,6,488,16,300,3403,494,14,879,24
2020-08-09,TAM,17988,85,6931,-144,22713,383,1285,26,66,-2,495,7,310,3084,659,19,713,54
2020-08-10,TAM,18085,97,6868,-63,23033,320,1314,29,65,-1,514,19,276,2640,711,21,471,78
2020-08-11,TAM,18734,649,6700,-168,23351,318,1371,57,74,9,541,27,423,2646,833,21,652,54
2020-08-12,TAM,18929,195,6863,163,23631,280,1390,19,79,5,551,10,479,2647,934,16,730,30
2020-08-13,TAM,20281,1352,5626,-1237,24116,485,1425,35,71,-8,567,16,685,2288,1058,22,664,34
2020-08-14,TAM,20487,206,5653,27,24568,452,1447,22,65,-6,584,17,623,2448,1016,9,781,34
2020-08-15,TAM,20647,160,5810,157,24897,329,1529,82,57,-8,608,24,592,2466,1006,15,847,34
2020-08-16,TAM,20735,88,5923,113,25030,133,1544,15,54,-3,609,1,552,2470,902,15,737,26
2020-08-17,TAM,20842,107,6005,82,25098,68,1547,3,57,3,615,6,492,2364,711,18,508,30
2020-08-18,TAM,21059,217,5931,-74,25661,563,1564,17,70,13,634,19,555,2270,917,15,598,23
2020-08-19,TAM,21343,284,5867,-64,26077,416,1600,36,69,-1,663,29,617,2199,997,32,683,25
2020-08-20,TAM,22022,679,5120,-747,26694,617,1628,28,71,2,678,15,749,1986,1016,30,777,37
2020-08-21,TAM,22499,477,4825,-295,27115,421,1644,16,71,0,687,9,740,1987,1114,20,756,50
2020-08-22,TAM,22599,100,4986,161,27330,215,1658,14,67,-4,702,15,687,2146,1093,23,763,72
2020-08-23,TAM,22806,207,4714,-272,27609,279,1663,5,62,-5,708,6,695,1880,1162,27,573,120
2020-08-24,TAM,22906,100,4093,-621,28366,757,1668,5,71,9,715,7,572,1280,1487,28,322,203
2020-08-25,TAM,23429,523,4000,-93,28518,152,1692,24,63,-8,732,17,766,1268,1366,46,440,164
2020-08-26,TAM,23655,226,4008,8,28640,122,1707,15,64,1,742,10,797,1458,1253,46,588,150
2020-08-27,TAM,23906,251,3988,-20,28886,246,1724,17,66,2,750,8,879,1445,1318,52,485,119
2020-08-28,TAM,24094,188,3206,-782,29203,317,1739,15,46,-20,759,9,810,1515,1342,27,489,107
2020-08-29,TAM,24271,177,2532,-674,29452,249,1750,11,41,-5,766,7,756,1510,1323,22,521,108
2020-08-30,TAM,24314,43,2536,4,29661,209,1760,10,36,-5,768,2,651,1456,1362,19,448,101
2020-08-31,TAM,24452,138,2472,-64,29841,180,1764,4,40,4,774,6,640,1311,1307,18,379,84
2020-09-01,TAM,24793,341,2030,-442,30188,347,1794,30,40,0,791,17,753,1089,1416,61,419,105
2020-09-02,TAM,24870,77,2344,314,30373,185,1800,6,46,6,799,8,712,1346,1378,34,547,85
2020-09-03,TAM,24913,43,2552,208,30596,223,1821,21,38,-8,821,22,537,1440,1178,26,580,89
2020-09-04,TAM,25036,123,2539,-13,30721,125,1839,18,35,-3,836,15,545,1535,1030,26,565,55
2020-09-05,TAM,25400,364,2431,-108,30978,257,1861,22,36,1,842,6,731,1467,1036,85,566,90
2020-09-06,TAM,25605,205,2119,-312,31412,434,1863,2,33,-3,847,5,842,1119,1280,106,428,182
2020-09-07,TAM,25700,95,1933,-186,31653,241,1868,5,31,-2,855,8,807,859,1301,60,274,182
2020-09-08,TAM,25953,253,1758,-175,31869,216,1883,15,33,2,863,8,882,852,1299,56,409,137
2020-09-09,TAM,26159,206,1939,181,32001,132,1892,9,35,2,874,11,867,1025,1216,38,501,140
2020-09-10,TAM,26270,111,2112,173,32187,186,1906,14,30,-5,892,18,823,1195,1177,28,565,142
2020-09-11,TAM,26507,237,2010,-102,32511,324,1916,10,26,-4,894,2,835,1083,1211,65,549,210
2020-09-12,TAM,26778,271,1830,-180,32850,339,1927,11,28,2,897,3,884,956,1393,87,470,262
2020-09-13,TAM,26861,83,1777,-53,33066,216,1930,3,29,1,899,2,830,882,1458,88,387,262
2020-09-14,TAM,26941,80,1686,-91,33273,207,1938,8,29,0,904,5,722,764,1452,50,282,223
2020-09-15,TAM,27145,204,1835,149,33381,108,1955,17,29,0,910,6,682,895,1276,55,420,171
2020-09-16,TAM,27299,154,1975,140,33482,101,1970,15,31,2,913,3,660,1025,1165,66,455,137
2020-09-17,TAM,27378,79,1873,-102,33687,205,1977,7,35,4,918,5,604,901,1175,52,290,146
2020-09-18,TAM,27514,136,1962,89,33927,240,2008,31,33,-2,930,12,614,968,1231,42,396,150
2020-09-19,TAM,27645,131,2112,150,34041,114,2022,14,35,2,935,5,591,1101,1148,37,481,148
2020-09-20,TAM,27719,74,2017,-95,34226,185,2041,19,36,1,949,14,576,952,1191,42,349,179
2020-09-21,TAM,27819,100,1883,-134,34435,209,2051,10,35,-1,953,4,546,757,1181,53,232,183
2020-09-22,TAM,27968,149,2043,160,34549,114,2060,9,34,-1,961,8,566,907,1105,38,376,143
2020-09-23,TAM,28072,104,2294,251,34652,103,2084,24,33,-1,972,11,537,1112,1026,52,511,159
2020-09-24,TAM,28256,184,2297,3,34881,229,2120,36,36,3,976,4,546,1098,1032,78,501,156
2020-09-25,TAM,28418,162,2357,60,35076,195,2138,18,36,0,979,3,571,1140,1053,78,499,137
2020-09-26,TAM,28554,136,2458,101,35283,207,2157,19,36,0,991,12,618,1195,1096,93,529,165
2020-09-27,TAM,28642,88,2347,-111,35503,220,2165,8,40,4,994,3,631,1036,1164,74,318,173
2020-09-28,TAM,28713,71,2195,-152,35747,244,2175,10,42,2,1000,6,598,843,1226,47,225,191
2020-09-29,TAM,28873,160,2318,123,35875,128,2195,20,37,-5,1006,6,649,924,1180,57,351,128
2020-09-30,TAM,28957,84,2560,242,35996,121,2207,12,36,-1,1021,15,638,1153,1157,57,507,122
2020-10-01,TAM,29057,100,2594,34,36222,226,2218,11,37,1,1029,8,616,1107,1195,70,474,194
2020-10-02,TAM,29201,144,2593,-1,36438,216,2242,24,37,0,1052,23,631,1040,1180,84,430,179
2020-10-03,TAM,29342,141,2627,34,36636,198,2301,59,39,2,1072,20,648,1024,1206,93,430,197
2020-10-04,TAM,29384,42,2704,77,36753,117,2331,30,40,1,1115,43,559,1023,1077,77,403,202
2020-10-05,TAM,29437,53,2567,-137,36987,234,2336,5,43,3,1118,3,521,823,1143,43,273,204
