Fecha,Estado,Positivos,Positivos_Delta,Sospechosos,Sospechosos_Delta,Negativos,Negativos_Delta,Defunciones_Positivos,Defunciones_Positivos_Delta,Defunciones_Sospechosos,Defunciones_Sospechosos_Delta,Defunciones_Negativos,Defunciones_Negativos_Delta,Positivos_Sintomas_14_Dias,Sospechosos_Sintomas_14_Dias,Negativos_Sintomas_14_Dias,Positivos_Sintomas_7_Dias,Sospechosos_Sintomas_7_Dias,Negativos_Sintomas_7_Dias
2020-04-12,TLA,40,0,85,0,259,0,2,0,0,0,4,0,23,57,111,2,32,30
2020-04-13,TLA,47,7,79,-6,280,21,2,0,0,0,4,0,26,49,109,5,31,33
2020-04-14,TLA,49,2,146,67,290,10,4,2,1,1,4,0,25,116,108,3,92,21
2020-04-15,TLA,55,6,92,-54,360,70,4,0,0,-1,5,1,27,59,159,6,36,77
2020-04-16,TLA,58,3,92,0,375,15,4,0,0,0,5,0,25,55,164,6,31,77
2020-04-17,TLA,62,4,93,1,399,24,4,0,0,0,6,1,24,60,184,3,41,84
2020-04-18,TLA,67,5,87,-6,416,17,4,0,0,0,6,0,20,57,185,4,39,83
2020-04-19,TLA,71,4,64,-23,438,22,4,0,0,0,6,0,23,39,193,5,23,82
2020-04-20,TLA,73,2,67,3,446,8,4,0,0,0,6,0,23,42,188,7,25,46
2020-04-21,TLA,78,5,51,-16,458,12,5,1,0,0,6,0,23,44,177,6,23,26
2020-04-22,TLA,92,14,44,-7,486,28,9,4,0,0,6,0,29,37,183,6,26,26
2020-04-23,TLA,101,9,33,-11,520,34,9,0,0,0,6,0,37,24,198,6,18,35
2020-04-24,TLA,112,11,43,10,529,9,12,3,0,0,8,2,35,37,191,5,31,29
2020-04-25,TLA,127,15,49,6,551,22,12,0,0,0,8,0,47,43,191,9,33,40
2020-04-26,TLA,134,7,77,28,561,10,12,0,0,0,8,0,52,73,181,9,50,40
2020-04-27,TLA,139,5,93,16,574,13,14,2,2,2,9,1,51,87,143,10,48,38
2020-04-28,TLA,159,20,121,28,611,37,16,2,0,-2,9,0,61,112,146,13,71,40
2020-04-29,TLA,179,20,104,-17,654,43,18,2,0,0,10,1,72,97,168,16,58,61
2020-04-30,TLA,193,14,123,19,674,20,22,4,0,0,10,0,75,116,174,19,66,59
2020-05-01,TLA,217,24,95,-28,706,32,22,0,0,0,10,0,88,90,188,16,65,65
2020-05-02,TLA,229,12,50,-45,754,48,22,0,0,0,10,0,92,45,225,19,25,79
2020-05-03,TLA,238,9,73,23,763,9,22,0,0,0,10,0,92,67,216,14,46,62
2020-05-04,TLA,250,12,88,15,774,11,25,3,0,0,10,0,82,84,198,9,57,44
2020-05-05,TLA,261,11,92,4,806,32,29,4,0,0,11,1,77,88,204,12,57,51
2020-05-06,TLA,280,19,108,16,821,15,35,6,0,0,11,0,87,105,201,15,74,45
2020-05-07,TLA,304,24,81,-27,870,49,42,7,3,3,12,1,101,80,232,18,51,54
2020-05-08,TLA,324,20,91,10,899,29,49,7,1,-2,14,2,106,88,242,25,57,51
2020-05-09,TLA,353,29,67,-24,946,47,52,3,1,0,15,1,124,63,258,30,45,71
2020-05-10,TLA,358,5,95,28,950,4,53,1,1,0,15,0,112,91,235,22,65,62
2020-05-11,TLA,386,28,73,-22,987,37,56,3,0,-1,16,1,121,66,235,31,44,75
2020-05-12,TLA,398,12,109,36,1012,25,66,10,1,1,17,1,129,98,231,33,70,60
2020-05-13,TLA,438,40,124,15,1049,37,72,6,1,0,17,0,147,118,243,36,83,78
2020-05-14,TLA,475,37,116,-8,1101,52,79,7,0,-1,19,2,162,108,262,40,63,93
2020-05-15,TLA,509,34,139,23,1155,54,83,4,1,1,19,0,178,129,287,35,93,110
2020-05-16,TLA,529,20,138,-1,1200,45,86,3,0,-1,19,0,184,124,311,37,83,121
2020-05-17,TLA,551,22,117,-21,1255,55,88,2,2,2,19,0,188,99,342,30,60,113
2020-05-18,TLA,569,18,142,25,1280,25,96,8,2,0,19,0,180,123,341,22,76,92
2020-05-19,TLA,618,49,146,4,1328,48,102,6,2,0,22,3,210,126,347,33,82,108
2020-05-21,TLA,677,59,285,139,1394,66,113,11,3,1,25,3,197,260,355,35,191,89
2020-05-22,TLA,691,14,403,118,1406,12,115,2,3,0,25,0,179,376,337,31,257,65
2020-05-23,TLA,749,58,329,-74,1508,102,117,2,2,-1,25,0,215,297,410,40,206,117
2020-05-24,TLA,782,33,265,-64,1576,68,118,1,1,-1,25,0,210,230,409,38,150,145
2020-05-25,TLA,827,45,197,-68,1661,85,129,11,2,1,26,1,215,159,439,37,97,143
2020-05-26,TLA,858,31,255,58,1694,33,129,0,4,2,27,1,218,217,440,24,141,98
2020-05-27,TLA,944,86,204,-51,1780,86,130,1,1,-3,30,3,275,166,496,54,89,105
2020-05-28,TLA,947,3,304,100,1787,7,132,2,1,0,31,1,241,258,449,31,160,57
2020-05-29,TLA,974,27,326,22,1837,50,141,9,1,0,32,1,234,277,439,24,165,63
2020-05-30,TLA,1001,27,334,8,1891,54,142,1,1,0,32,0,230,280,457,20,152,71
2020-05-31,TLA,1042,41,282,-52,1954,63,142,0,1,0,32,0,233,228,488,21,119,83
2020-06-01,TLA,1064,22,346,64,1977,23,142,0,2,1,32,0,210,283,419,18,135,57
2020-06-02,TLA,1115,51,339,-7,2027,50,143,1,3,1,34,2,210,272,391,27,139,57
2020-06-03,TLA,1151,36,383,44,2045,18,149,6,2,-1,34,0,190,310,317,21,175,35
2020-06-04,TLA,1206,55,379,-4,2111,66,165,16,1,-1,36,2,218,300,319,31,171,60
2020-06-05,TLA,1257,51,433,54,2146,35,182,17,5,4,38,2,220,350,306,29,205,54
2020-06-06,TLA,1317,60,376,-57,2206,60,185,3,3,-2,40,2,243,293,319,42,173,67
2020-06-07,TLA,1336,19,386,10,2229,23,186,1,3,0,40,0,232,299,306,29,158,69
2020-06-08,TLA,1413,77,329,-57,2302,73,193,7,1,-2,44,4,256,239,302,31,109,65
2020-06-09,TLA,1449,36,383,54,2336,34,200,7,2,1,44,0,257,289,298,31,150,52
2020-06-10,TLA,1492,43,435,52,2367,31,207,7,4,2,46,2,256,340,287,21,152,40
2020-06-11,TLA,1554,62,469,34,2421,54,218,11,1,-3,53,7,277,369,302,29,191,34
2020-06-12,TLA,1624,70,439,-30,2506,85,225,7,2,1,52,-1,297,328,344,41,189,57
2020-06-13,TLA,1692,68,344,-95,2613,107,226,1,2,0,52,0,328,236,406,45,124,96
2020-06-14,TLA,1702,10,390,46,2645,32,232,6,2,0,52,0,292,267,412,28,120,78
2020-06-15,TLA,1751,49,431,41,2691,46,237,5,3,1,56,4,267,247,380,30,123,74
2020-06-16,TLA,1791,40,451,20,2779,88,245,8,4,1,61,5,259,300,369,28,159,59
2020-06-17,TLA,1849,58,443,-8,2860,81,248,3,4,0,63,2,249,291,375,24,158,52
2020-06-18,TLA,1878,29,516,73,2891,31,252,4,4,0,71,8,241,346,343,22,172,35
2020-06-19,TLA,1936,58,548,32,2923,32,260,8,5,1,78,7,257,356,327,29,188,28
2020-06-20,TLA,2000,64,491,-57,2997,74,263,3,5,0,79,1,270,296,335,39,162,41
2020-06-21,TLA,2058,58,428,-63,3052,55,264,1,6,1,80,1,280,233,337,31,139,41
2020-06-22,TLA,2067,9,523,95,3057,5,278,14,5,-1,83,3,248,314,289,17,154,25
2020-06-23,TLA,2134,67,514,-9,3125,68,280,2,4,-1,85,2,280,298,304,24,176,25
2020-06-24,TLA,2177,43,573,59,3172,47,286,6,3,-1,87,2,238,345,272,24,227,24
2020-06-25,TLA,2265,88,557,-16,3276,104,291,5,3,0,88,1,281,324,315,54,218,67
2020-06-26,TLA,2303,38,671,114,3312,36,303,12,3,0,95,7,286,396,309,43,232,57
2020-06-27,TLA,2317,14,756,85,3320,8,315,12,4,1,97,2,259,466,276,29,210,35
2020-06-28,TLA,2369,52,696,-60,3373,53,318,3,3,-1,97,0,271,400,283,27,176,38
2020-06-29,TLA,2439,70,705,9,3443,70,327,9,2,-1,97,0,269,404,291,24,174,31
2020-06-30,TLA,2503,64,771,66,3516,73,348,21,6,4,99,2,292,448,301,24,223,33
2020-07-01,TLA,2541,38,817,46,3585,69,367,19,6,0,100,1,271,529,294,16,265,23
2020-07-02,TLA,2591,50,873,56,3633,48,382,15,5,-1,101,1,275,567,300,20,296,24
2020-07-03,TLA,2668,77,977,104,3722,89,389,7,6,1,102,1,271,627,287,23,279,21
2020-07-04,TLA,2809,141,908,-69,3955,233,402,13,5,-1,102,0,320,528,315,39,243,37
2020-07-05,TLA,2929,120,588,-320,4233,278,405,3,5,0,103,1,377,311,422,57,126,77
2020-07-06,TLA,2958,29,667,79,4277,44,407,2,6,1,104,1,334,387,355,42,162,52
2020-07-07,TLA,3046,88,806,139,4338,61,420,13,9,3,112,8,370,470,352,41,190,41
2020-07-08,TLA,3093,47,927,121,4509,171,431,11,10,1,119,7,346,599,399,24,260,29
2020-07-09,TLA,3149,56,893,-34,4637,128,434,3,9,-1,125,6,345,580,450,22,225,44
2020-07-10,TLA,3235,86,721,-172,4903,266,461,27,11,2,131,6,334,493,504,21,279,32
2020-07-11,TLA,3313,78,609,-112,4925,22,466,5,7,-4,132,1,390,425,539,56,271,48
2020-07-12,TLA,3336,23,612,3,4960,35,467,1,8,1,132,0,341,417,492,41,230,47
2020-07-13,TLA,3356,20,678,66,4987,27,473,6,10,2,134,2,290,468,440,26,229,33
2020-07-14,TLA,3416,60,721,43,5037,50,482,9,8,-2,135,1,280,506,393,15,196,26
2020-07-15,TLA,3499,83,716,-5,5375,338,504,22,8,0,137,2,288,508,360,16,227,24
2020-07-16,TLA,3532,33,1010,294,5479,104,515,11,8,0,141,4,261,664,354,17,240,25
2020-07-17,TLA,3649,117,698,-312,5959,480,524,9,8,0,142,1,316,420,604,38,171,31
2020-07-18,TLA,3701,52,777,79,5996,37,531,7,9,1,145,3,330,489,542,29,192,24
2020-07-19,TLA,3822,121,668,-109,6040,44,532,1,10,1,145,0,381,372,498,36,147,22
2020-07-20,TLA,3864,42,688,20,6059,19,538,6,10,0,150,5,362,366,421,27,146,12
2020-07-21,TLA,3911,47,843,155,6276,217,558,20,10,0,155,5,321,506,426,30,208,17
2020-07-22,TLA,3949,38,985,142,6303,27,565,7,15,5,155,0,312,627,372,26,274,10
2020-07-23,TLA,4036,87,1128,143,6380,77,594,29,13,-2,155,0,339,727,376,35,293,22
2020-07-24,TLA,4110,74,1102,-26,6649,269,602,8,11,-2,156,1,323,652,405,38,279,48
2020-07-25,TLA,4185,75,1099,-3,6718,69,630,28,14,3,157,1,320,613,410,29,273,49
2020-07-26,TLA,4215,30,1106,7,6741,23,634,4,14,0,161,4,285,584,369,22,240,41
