Fecha,Estado,Positivos,Positivos_Delta,Sospechosos,Sospechosos_Delta,Negativos,Negativos_Delta,Defunciones_Positivos,Defunciones_Positivos_Delta,Defunciones_Sospechosos,Defunciones_Sospechosos_Delta,Defunciones_Negativos,Defunciones_Negativos_Delta,Positivos_Sintomas_14_Dias,Sospechosos_Sintomas_14_Dias,Negativos_Sintomas_14_Dias,Positivos_Sintomas_7_Dias,Sospechosos_Sintomas_7_Dias,Negativos_Sintomas_7_Dias
2020-04-12,HID,59,0,25,0,379,0,7,0,2,0,7,0,19,22,119,4,12,18
2020-04-13,HID,59,0,38,13,381,2,7,0,2,0,7,0,14,32,107,1,18,12
2020-04-14,HID,64,5,45,7,391,10,8,1,3,1,8,1,15,39,96,3,23,9
2020-04-15,HID,66,2,55,10,400,9,10,2,2,-1,9,1,17,43,84,2,34,11
2020-04-16,HID,69,3,59,4,404,4,10,0,2,0,10,1,20,47,78,4,33,10
2020-04-17,HID,75,6,64,5,405,1,11,1,4,2,10,0,22,51,75,8,29,12
2020-04-18,HID,80,5,61,-3,411,6,12,1,3,-1,10,0,24,49,68,6,22,11
2020-04-19,HID,93,13,55,-6,425,14,13,1,3,0,11,1,34,44,61,8,22,17
2020-04-20,HID,98,5,61,6,433,8,14,1,4,1,10,-1,33,50,58,4,15,17
2020-04-21,HID,113,15,42,-19,453,20,15,1,3,-1,10,0,46,37,66,9,9,27
2020-04-22,HID,125,12,40,-2,486,33,15,0,2,-1,10,0,52,33,72,11,11,24
2020-04-23,HID,128,3,49,9,493,7,14,-1,3,1,11,1,53,39,71,7,17,24
2020-04-24,HID,155,27,56,7,507,14,16,2,4,1,11,0,73,41,81,21,21,25
2020-04-25,HID,165,10,62,6,519,12,16,0,4,0,12,1,74,49,88,18,28,23
2020-04-26,HID,182,17,71,9,540,21,17,1,4,0,12,0,85,61,109,27,39,36
2020-04-27,HID,190,8,72,1,552,12,19,2,11,7,13,1,82,66,103,14,32,25
2020-04-28,HID,226,36,77,5,589,37,26,7,8,-3,15,2,110,72,118,20,38,27
2020-04-29,HID,242,16,86,9,601,12,27,1,7,-1,15,0,119,79,116,23,43,32
2020-04-30,HID,261,19,104,18,615,14,29,2,9,2,17,2,124,97,121,25,48,20
2020-05-01,HID,282,21,116,12,631,16,30,1,4,-5,18,1,136,111,118,25,62,20
2020-05-02,HID,306,24,115,-1,642,11,32,2,5,1,19,1,143,112,114,31,54,20
2020-05-03,HID,312,6,138,23,643,1,38,6,4,-1,19,0,136,132,107,21,58,16
2020-05-04,HID,334,22,153,15,663,20,43,5,6,2,19,0,134,136,101,17,65,17
2020-05-05,HID,374,40,141,-12,687,24,46,3,9,3,20,1,150,128,115,24,53,33
2020-05-06,HID,396,22,159,18,711,24,52,6,8,-1,23,3,158,141,132,25,73,43
2020-05-07,HID,431,35,178,19,754,43,59,7,8,0,24,1,168,155,148,25,96,51
2020-05-08,HID,475,44,188,10,773,19,65,6,5,-3,25,1,189,165,152,32,108,50
2020-05-09,HID,496,21,192,4,801,28,67,2,5,0,25,0,191,172,167,33,108,60
2020-05-10,HID,540,44,138,-54,843,42,75,8,5,0,25,0,207,116,195,41,59,76
2020-05-11,HID,574,34,131,-7,858,15,81,6,5,0,25,0,211,103,187,30,46,59
2020-05-12,HID,603,29,174,43,871,13,93,12,5,0,29,4,214,143,191,26,85,51
2020-05-13,HID,637,34,182,8,897,26,103,10,1,-4,33,4,228,150,200,33,87,45
2020-05-14,HID,680,43,195,13,928,31,115,12,4,3,33,0,237,159,211,49,86,37
2020-05-15,HID,748,68,207,12,964,36,131,16,7,3,34,1,264,169,219,57,96,48
2020-05-16,HID,812,64,212,5,998,34,141,10,8,1,35,1,291,187,229,74,105,57
2020-05-17,HID,844,32,234,22,1023,25,146,5,7,-1,35,0,287,206,228,64,108,62
2020-05-18,HID,920,76,187,-47,1065,42,152,6,11,4,35,0,318,162,226,59,81,63
2020-05-19,HID,966,46,228,41,1108,43,157,5,9,-2,37,2,333,195,248,63,108,57
2020-05-21,HID,1097,131,256,28,1209,101,180,23,9,0,39,2,394,231,263,79,130,64
2020-05-22,HID,1136,39,306,50,1245,36,188,8,15,6,44,5,385,278,270,62,166,58
2020-05-23,HID,1192,56,314,8,1273,28,199,11,14,-1,44,0,396,283,285,72,174,60
2020-05-24,HID,1243,51,326,12,1296,23,199,0,14,0,48,4,393,284,276,78,173,58
2020-05-25,HID,1319,76,285,-41,1363,67,202,3,13,-1,50,2,406,247,286,65,147,62
2020-05-26,HID,1439,120,233,-52,1397,34,226,24,15,2,52,2,483,194,276,80,132,63
2020-05-27,HID,1479,40,286,53,1431,34,234,8,14,-1,56,4,459,245,256,59,169,54
2020-05-28,HID,1544,65,303,17,1462,31,250,16,17,3,58,2,454,260,268,74,164,56
2020-05-29,HID,1599,55,376,73,1469,7,274,24,18,1,60,2,442,315,246,76,168,53
2020-05-30,HID,1670,71,359,-17,1516,47,284,10,17,-1,62,2,471,305,258,81,148,50
2020-05-31,HID,1710,40,385,26,1530,14,287,3,16,-1,62,0,457,333,247,74,158,41
2020-06-01,HID,1769,59,384,-1,1551,21,301,14,18,2,63,1,425,327,223,48,134,34
2020-06-02,HID,1898,129,353,-31,1602,51,311,10,18,0,70,7,464,301,241,60,160,31
2020-06-03,HID,2011,113,329,-24,1676,74,346,35,3,-15,72,2,483,283,276,75,176,54
2020-06-04,HID,2077,66,302,-27,1754,78,354,8,4,1,74,2,496,253,316,81,146,91
2020-06-05,HID,2131,54,363,61,1788,34,367,13,6,2,75,1,469,302,311,83,164,96
2020-06-06,HID,2196,65,340,-23,1841,53,373,6,5,-1,77,2,458,272,326,74,150,94
2020-06-07,HID,2270,74,291,-49,1902,61,380,7,5,0,77,0,475,227,357,75,118,94
2020-06-08,HID,2291,21,344,53,1912,10,385,5,5,0,77,0,388,274,324,50,140,55
2020-06-09,HID,2345,54,412,68,1957,45,392,7,6,1,79,2,383,341,336,60,179,65
2020-06-10,HID,2460,115,337,-75,2053,96,406,14,6,0,82,3,432,273,392,78,171,83
2020-06-11,HID,2518,58,409,72,2089,36,408,2,9,3,83,1,434,350,383,78,224,81
2020-06-12,HID,2616,98,369,-40,2193,104,422,14,7,-2,84,1,476,305,437,93,183,110
2020-06-13,HID,2675,59,408,39,2223,30,430,8,7,0,85,1,471,338,414,83,190,93
2020-06-14,HID,2739,64,355,-53,2276,53,437,7,7,0,86,1,474,285,403,85,134,86
2020-06-15,HID,2790,51,370,15,2319,43,443,6,9,2,88,2,457,287,371,75,140,82
2020-06-16,HID,2860,70,413,43,2370,51,454,11,12,3,91,3,466,321,373,77,160,78
2020-06-17,HID,2983,123,310,-103,2472,102,469,15,7,-5,95,4,505,239,431,62,136,94
2020-06-18,HID,3040,57,353,43,2522,50,479,10,9,2,99,4,489,282,443,54,166,95
2020-06-19,HID,3127,87,317,-36,2608,86,496,17,10,1,101,2,488,243,458,71,147,121
2020-06-20,HID,3183,56,358,41,2644,36,505,9,10,0,101,0,471,276,444,71,163,108
2020-06-21,HID,3248,65,324,-34,2696,52,522,17,12,2,101,0,458,239,440,71,130,101
2020-06-22,HID,3300,52,329,5,2731,35,531,9,11,-1,103,2,430,237,431,47,108,73
2020-06-23,HID,3420,120,266,-63,2808,77,541,10,12,1,107,4,472,179,438,68,92,87
2020-06-24,HID,3482,62,311,45,2860,52,559,18,13,1,113,6,434,220,433,73,127,88
2020-06-25,HID,3579,97,287,-24,2922,62,574,15,10,-3,122,9,465,190,438,85,97,91
2020-06-26,HID,3647,68,302,15,2971,49,583,9,10,0,124,2,480,201,433,92,108,96
2020-06-27,HID,3724,77,326,24,3028,57,596,13,13,3,131,7,488,223,442,83,119,114
2020-06-28,HID,3762,38,323,-3,3054,26,601,5,14,1,132,1,479,213,408,79,92,101
2020-06-29,HID,3782,20,405,82,3062,8,614,13,20,6,132,0,413,281,343,62,122,64
2020-06-30,HID,3866,84,385,-20,3137,75,636,22,16,-4,137,5,433,254,367,57,117,80
2020-07-01,HID,3977,111,362,-23,3182,45,646,10,19,3,138,1,462,243,367,75,129,79
2020-07-02,HID,4079,102,360,-2,3256,74,665,19,17,-2,144,6,485,228,378,79,123,90
2020-07-03,HID,4169,90,317,-43,3275,19,678,13,15,-2,144,0,528,199,383,88,117,81
2020-07-04,HID,4224,55,340,23,3321,46,681,3,15,0,147,3,486,216,381,93,112,95
2020-07-05,HID,4322,98,249,-91,3373,52,688,7,15,0,151,4,521,126,389,96,65,100
2020-07-06,HID,4349,27,306,57,3378,5,693,5,17,2,151,0,476,180,337,61,112,69
2020-07-07,HID,4446,97,328,22,3437,59,707,14,14,-3,157,6,491,203,354,77,121,74
2020-07-08,HID,4515,69,355,27,3501,64,718,11,14,0,159,2,491,231,378,65,131,85
2020-07-09,HID,4583,68,388,33,3559,58,727,9,15,1,163,4,477,252,382,66,152,85
2020-07-10,HID,4676,93,385,-3,3642,83,735,8,14,-1,164,1,495,245,413,63,161,117
2020-07-11,HID,4731,55,424,39,3691,49,744,9,16,2,167,3,482,282,426,69,184,118
2020-07-12,HID,4812,81,343,-81,3756,65,756,12,12,-4,170,3,497,197,448,86,117,129
2020-07-13,HID,4864,52,359,16,3782,26,763,7,12,0,171,1,484,213,426,64,120,100
2020-07-14,HID,4960,96,412,53,3857,75,775,12,13,1,173,2,501,269,450,72,163,101
2020-07-15,HID,5035,75,395,-17,3910,53,781,6,11,-2,176,3,487,250,460,84,152,95
2020-07-16,HID,5134,99,398,3,3972,62,801,20,17,6,179,3,517,250,455,92,147,101
2020-07-17,HID,5192,58,516,118,3992,20,821,20,15,-2,181,2,488,361,434,68,219,52
2020-07-18,HID,5343,151,435,-81,4106,114,833,12,15,0,182,1,583,267,498,96,157,106
2020-07-19,HID,5452,109,363,-72,4181,75,839,6,14,-1,182,0,625,199,516,104,103,111
2020-07-20,HID,5490,38,387,24,4211,30,845,6,13,-1,182,0,568,221,483,70,109,86
2020-07-21,HID,5599,109,435,48,4261,50,863,18,14,1,185,3,593,277,460,72,177,81
2020-07-22,HID,5673,74,567,132,4284,23,885,22,14,0,189,4,597,394,415,73,226,62
2020-07-23,HID,5898,225,465,-102,4380,96,898,13,16,2,192,3,723,299,459,144,163,89
2020-07-24,HID,5978,80,588,123,4436,56,907,9,16,0,193,1,700,418,407,102,250,82
2020-07-25,HID,6114,136,591,3,4537,101,921,14,17,1,195,2,740,425,461,107,258,104
2020-07-26,HID,6237,123,478,-113,4622,85,935,14,15,-2,195,0,775,315,483,103,165,121
2020-07-27,HID,6308,71,465,-13,4672,50,945,10,17,2,199,4,732,301,472,66,108,90
2020-07-28,HID,6467,159,428,-37,4761,89,963,18,14,-3,202,3,800,266,506,77,145,85
2020-07-29,HID,6544,77,476,48,4812,51,969,6,16,2,202,0,756,305,503,83,163,75
2020-07-30,HID,6688,144,434,-42,4889,77,993,24,15,-1,205,3,784,250,516,116,135,103
2020-07-31,HID,6749,61,532,98,4946,57,1016,23,15,0,208,3,712,350,504,98,191,100
2020-08-01,HID,6901,152,591,59,5030,84,1033,17,12,-3,212,4,738,418,517,82,259,101
2020-08-02,HID,6994,93,539,-52,5091,61,1043,10,15,3,213,1,713,368,513,86,187,96
2020-08-03,HID,7118,124,446,-93,5147,56,1051,8,14,-1,213,0,675,262,468,84,110,86
2020-08-04,HID,7185,67,541,95,5193,46,1068,17,18,4,214,1,646,348,462,68,156,70
2020-08-05,HID,7271,86,631,90,5245,52,1087,19,24,6,216,2,631,437,443,59,209,51
2020-08-06,HID,7442,171,586,-45,5337,92,1116,29,21,-3,218,2,696,390,484,98,217,69
2020-08-07,HID,7618,176,593,7,5402,65,1137,21,17,-4,218,0,756,391,498,132,243,92
2020-08-08,HID,7773,155,571,-22,5522,120,1156,19,18,1,219,1,794,369,537,127,224,115
2020-08-09,HID,7834,61,569,-2,5555,33,1163,7,14,-4,221,2,758,371,499,90,214,101
2020-08-10,HID,7945,111,436,-133,5646,91,1178,15,14,0,223,2,756,249,497,76,127,104
2020-08-11,HID,8103,158,442,6,5714,68,1199,21,15,1,227,4,785,263,498,111,152,104
2020-08-12,HID,8148,45,613,171,5724,10,1222,23,15,0,231,4,709,435,445,72,249,58
2020-08-13,HID,8307,159,581,-32,5839,115,1247,25,19,4,236,5,774,402,504,90,258,81
2020-08-14,HID,8417,110,619,38,5928,89,1277,30,21,2,237,1,764,441,544,97,280,93
2020-08-15,HID,8603,186,589,-30,6029,101,1302,25,20,-1,239,2,795,405,549,130,268,114
2020-08-16,HID,8729,126,455,-134,6136,107,1317,15,14,-6,241,2,808,269,605,138,148,145
2020-08-17,HID,8825,96,385,-70,6201,65,1327,10,15,1,242,1,770,195,599,84,94,118
2020-08-18,HID,8951,126,422,37,6255,54,1350,23,20,5,243,1,813,241,579,101,143,108
2020-08-19,HID,9055,104,443,21,6341,86,1370,20,19,-1,246,3,788,267,573,111,168,104
2020-08-20,HID,9218,163,387,-56,6435,94,1387,17,17,-2,249,3,826,217,600,153,137,131
2020-08-21,HID,9292,74,463,76,6499,64,1402,15,18,1,251,2,788,289,584,132,181,116
2020-08-22,HID,9371,79,536,73,6588,89,1419,17,17,-1,254,3,744,352,594,101,217,111
2020-08-23,HID,9454,83,483,-53,6634,46,1432,13,17,0,255,1,715,296,578,113,152,97
2020-08-24,HID,9589,135,354,-129,6716,82,1450,18,14,-3,258,3,688,172,567,108,83,91
