Fecha,Estado,Positivos,Positivos_Delta,Sospechosos,Sospechosos_Delta,Negativos,Negativos_Delta,Defunciones_Positivos,Defunciones_Positivos_Delta,Defunciones_Sospechosos,Defunciones_Sospechosos_Delta,Defunciones_Negativos,Defunciones_Negativos_Delta,Positivos_Sintomas_14_Dias,Sospechosos_Sintomas_14_Dias,Negativos_Sintomas_14_Dias,Positivos_Sintomas_7_Dias,Sospechosos_Sintomas_7_Dias,Negativos_Sintomas_7_Dias
2020-04-12,BCN,336,0,490,0,762,0,22,0,9,0,11,0,126,360,113,3,121,1
2020-04-13,BCN,367,31,545,55,790,28,25,3,8,-1,13,2,125,397,111,2,131,3
2020-04-14,BCN,411,44,575,30,840,50,28,3,7,-1,16,3,142,427,122,6,165,6
2020-04-15,BCN,463,52,672,97,872,32,28,0,9,2,16,0,153,515,107,6,225,4
2020-04-16,BCN,504,41,762,90,918,46,30,2,9,0,16,0,148,583,113,22,252,8
2020-04-17,BCN,534,30,899,137,833,-85,32,2,16,7,14,-2,146,691,105,21,245,13
2020-04-18,BCN,608,74,823,-76,855,22,67,35,17,1,17,3,173,606,101,18,198,14
2020-04-19,BCN,679,71,726,-97,898,43,74,7,17,0,18,1,193,524,120,11,130,17
2020-04-20,BCN,740,61,664,-62,943,45,74,0,19,2,19,1,206,466,129,10,98,13
2020-04-21,BCN,914,174,411,-253,1028,85,99,25,9,-10,20,1,297,339,165,12,100,4
2020-04-22,BCN,985,71,378,-33,1123,95,117,18,8,-1,22,2,300,299,173,24,89,10
2020-04-23,BCN,1075,90,354,-24,1148,25,125,8,8,0,26,4,290,293,168,14,107,12
2020-04-24,BCN,1156,81,318,-36,1195,47,145,20,9,1,29,3,259,269,163,11,103,24
2020-04-25,BCN,1197,41,310,-8,1240,45,160,15,10,1,34,5,232,260,167,12,87,27
2020-04-26,BCN,1271,74,278,-32,1271,31,160,0,14,4,36,2,224,232,166,23,54,36
2020-04-27,BCN,1301,30,326,48,1287,16,165,5,20,6,37,1,201,275,148,10,66,14
2020-04-28,BCN,1391,90,490,164,1314,27,184,19,17,-3,38,1,201,426,131,13,150,12
2020-04-29,BCN,1495,104,585,95,1357,43,213,29,9,-8,39,1,225,506,138,13,182,5
2020-04-30,BCN,1557,62,688,103,1380,23,220,7,13,4,45,6,234,593,141,26,202,16
2020-05-01,BCN,1569,12,812,124,1383,3,231,11,23,10,45,0,202,693,114,16,211,10
2020-05-02,BCN,1582,13,869,57,1393,10,236,5,27,4,45,0,173,722,103,12,196,12
2020-05-03,BCN,1660,78,760,-109,1428,35,239,3,32,5,45,0,189,624,115,10,147,9
2020-05-04,BCN,1808,148,682,-78,1437,9,252,13,38,6,48,3,221,541,101,14,144,13
2020-05-05,BCN,1989,181,586,-96,1510,73,290,38,20,-18,56,8,299,498,143,21,188,18
2020-05-06,BCN,2097,108,627,41,1560,50,323,33,20,0,57,1,295,526,151,27,214,19
2020-05-07,BCN,2176,79,724,97,1585,25,341,18,25,5,58,1,309,586,143,29,241,14
2020-05-08,BCN,2276,100,780,56,1646,61,362,21,24,-1,62,4,327,645,160,31,229,20
2020-05-09,BCN,2365,89,825,45,1686,40,400,38,30,6,72,10,322,698,153,39,216,28
2020-05-10,BCN,2428,63,818,-7,1722,36,415,15,35,5,75,3,320,673,159,29,210,24
2020-05-11,BCN,2448,20,870,52,1732,10,418,3,36,1,75,0,280,718,141,16,226,17
2020-05-12,BCN,2576,128,906,36,1756,24,439,21,40,4,80,5,341,740,146,28,261,10
2020-05-13,BCN,2764,188,821,-85,1835,79,460,21,43,3,86,6,430,689,183,33,287,23
2020-05-14,BCN,2856,92,815,-6,1959,124,491,31,55,12,90,4,431,652,257,43,247,69
2020-05-15,BCN,3040,184,805,-10,2037,78,514,23,54,-1,92,2,431,652,285,42,268,67
2020-05-16,BCN,3168,128,798,-7,2096,59,539,25,78,24,97,5,429,622,303,57,247,65
2020-05-17,BCN,3255,87,747,-51,2150,54,550,11,87,9,99,2,425,562,316,50,196,53
2020-05-18,BCN,3330,75,736,-11,2197,47,562,12,97,10,104,5,420,522,318,37,180,48
2020-05-19,BCN,3487,157,735,-1,2254,57,579,17,104,7,105,1,451,558,309,36,223,36
2020-05-21,BCN,3780,293,798,63,2343,89,634,55,110,6,116,11,540,590,319,72,279,38
2020-05-22,BCN,3944,164,823,25,2398,55,645,11,107,-3,120,4,555,613,307,74,289,29
2020-05-23,BCN,4097,153,859,36,2444,46,650,5,108,1,122,2,618,640,307,86,325,34
2020-05-24,BCN,4218,121,782,-77,2515,71,693,43,62,-46,157,35,616,573,289,89,285,38
2020-05-25,BCN,4250,32,915,133,2529,14,703,10,67,5,163,6,553,682,241,48,320,30
2020-05-26,BCN,4421,171,909,-6,2586,57,738,35,62,-5,172,9,604,679,238,40,322,29
2020-05-27,BCN,4590,169,913,4,2659,73,771,33,63,1,184,12,632,677,273,44,336,29
2020-05-28,BCN,4777,187,921,8,2745,86,805,34,59,-4,193,9,720,661,320,62,371,41
2020-05-29,BCN,4886,109,918,-3,2853,108,818,13,62,3,196,3,674,636,362,71,321,79
2020-05-30,BCN,5027,141,852,-66,2973,120,861,43,61,-1,205,9,700,552,441,86,253,107
2020-05-31,BCN,5075,48,875,23,3018,45,862,1,65,4,205,0,642,561,449,59,234,75
2020-06-01,BCN,5127,52,931,56,3053,35,868,6,70,5,208,3,555,580,433,39,218,52
2020-06-02,BCN,5231,104,1039,108,3107,54,876,8,74,4,213,5,522,674,425,26,324,37
2020-06-03,BCN,5460,229,1048,9,3184,77,1010,134,59,-15,230,17,542,682,438,42,357,42
2020-06-04,BCN,5604,144,1038,-10,3266,82,1134,124,74,15,244,14,595,645,472,68,344,70
2020-06-05,BCN,5784,180,1084,46,3372,106,1186,52,78,4,262,18,578,725,486,85,373,94
2020-06-06,BCN,5976,192,982,-102,3480,108,1216,30,70,-8,271,9,621,644,508,101,329,119
2020-06-07,BCN,6087,111,878,-104,3560,80,1231,15,61,-9,274,3,612,551,488,98,223,120
2020-06-08,BCN,6138,51,928,50,3586,26,1243,12,67,6,278,4,559,556,436,64,208,60
2020-06-09,BCN,6297,159,919,-9,3677,91,1287,44,62,-5,294,16,570,597,452,56,303,32
2020-06-10,BCN,6436,139,968,49,3742,65,1372,85,64,2,302,8,579,661,449,93,306,54
2020-06-11,BCN,6620,184,912,-56,3854,112,1402,30,66,2,311,9,625,618,488,116,313,90
2020-06-12,BCN,6766,146,971,59,3944,90,1423,21,60,-6,317,6,667,662,510,102,362,88
2020-06-13,BCN,6852,86,994,23,4015,71,1455,32,69,9,327,10,671,664,514,101,336,103
2020-06-14,BCN,6895,43,1038,44,4050,35,1493,38,78,9,328,1,599,687,483,70,312,91
2020-06-15,BCN,7039,144,1021,-17,4121,71,1509,16,77,-1,331,3,582,653,426,66,297,67
2020-06-16,BCN,7120,81,1139,118,4162,41,1561,52,89,12,334,3,574,735,404,56,321,54
2020-06-17,BCN,7242,122,1278,139,4215,53,1581,20,94,5,337,3,582,849,404,76,361,50
2020-06-18,BCN,7403,161,1269,-9,4307,92,1602,21,90,-4,342,5,642,812,455,76,372,67
2020-06-19,BCN,7559,156,1327,58,4380,73,1646,44,92,2,349,7,666,819,445,95,383,80
2020-06-20,BCN,7711,152,1286,-41,4489,109,1692,46,81,-11,356,7,686,761,490,78,378,82
2020-06-21,BCN,7790,79,1276,-10,4532,43,1699,7,82,1,356,0,653,725,475,85,300,76
2020-06-22,BCN,7898,108,1262,-14,4564,32,1726,27,89,7,361,5,600,742,396,44,283,38
2020-06-23,BCN,8057,159,1370,108,4651,87,1749,23,89,0,370,9,623,779,416,46,334,39
2020-06-24,BCN,8164,107,1559,189,4724,73,1768,19,100,11,374,4,601,903,396,59,404,35
2020-06-25,BCN,8272,108,1683,124,4793,69,1779,11,113,13,380,6,590,970,393,70,428,50
2020-06-26,BCN,8487,215,1679,-4,4901,108,1805,26,98,-15,390,10,620,997,397,88,444,55
2020-06-27,BCN,8647,160,1709,30,4972,71,1825,20,105,7,398,8,630,1034,405,72,432,60
2020-06-28,BCN,8722,75,1712,3,5050,78,1834,9,113,8,400,2,603,999,393,71,343,77
2020-06-29,BCN,8755,33,1799,87,5074,24,1850,16,117,4,401,1,494,1038,317,34,353,46
2020-06-30,BCN,8923,168,1791,-8,5178,104,1880,30,120,3,407,6,496,1058,323,50,354,62
2020-07-01,BCN,9221,298,1596,-195,5402,224,1909,29,110,-10,417,10,582,976,408,73,394,83
2020-07-02,BCN,9423,202,1603,7,5523,121,1954,45,86,-24,427,10,641,992,413,71,434,47
2020-07-03,BCN,9639,216,1574,-29,5624,101,1980,26,87,1,443,16,703,954,429,110,412,64
2020-07-04,BCN,9780,141,1553,-21,5705,81,2001,21,91,4,453,10,640,923,412,101,406,66
2020-07-05,BCN,9854,74,1539,-14,5763,58,2011,10,95,4,453,0,619,857,413,118,316,80
2020-07-06,BCN,9892,38,1677,138,5789,26,2022,11,107,12,454,1,545,944,352,57,340,56
2020-07-07,BCN,10143,251,1546,-131,5929,140,2084,62,85,-22,465,11,591,879,380,57,357,57
2020-07-08,BCN,10286,143,1577,31,5993,64,2130,46,83,-2,469,4,592,927,398,62,354,50
2020-07-09,BCN,10429,143,1587,10,6038,45,2146,16,86,3,474,5,538,993,360,58,401,54
2020-07-10,BCN,10649,220,1525,-62,6167,129,2162,16,92,6,487,13,619,899,409,100,368,79
2020-07-11,BCN,10772,123,1517,-8,6227,60,2188,26,93,1,488,1,600,885,405,89,354,70
2020-07-12,BCN,10881,109,1419,-98,6280,53,2191,3,95,2,488,0,614,764,392,100,221,77
2020-07-13,BCN,10903,22,1523,104,6293,13,2214,23,109,14,489,1,516,795,349,49,225,40
2020-07-14,BCN,11031,128,1614,91,6316,23,2233,19,114,5,490,1,506,863,302,44,293,35
2020-07-15,BCN,11247,216,1547,-67,6364,48,2268,35,107,-7,494,4,477,817,279,37,272,39
2020-07-16,BCN,11376,129,1566,19,6461,97,2284,16,112,5,496,2,505,799,315,41,284,58
2020-07-17,BCN,11770,394,1317,-249,6576,115,2344,60,65,-47,499,3,583,682,349,58,267,54
2020-07-18,BCN,11835,65,1423,106,6623,47,2370,26,68,3,503,4,541,770,337,48,312,50
2020-07-19,BCN,11934,99,1345,-78,6695,72,2380,10,69,1,503,0,502,675,347,41,245,44
2020-07-20,BCN,12053,119,1246,-99,6757,62,2397,17,74,5,505,2,455,610,311,38,184,27
2020-07-21,BCN,12155,102,1407,161,6805,48,2424,27,88,14,509,4,444,697,304,39,241,28
2020-07-22,BCN,12259,104,1446,39,6886,81,2454,30,93,5,526,17,442,707,315,39,265,36
2020-07-23,BCN,12533,274,1286,-160,7044,158,2484,30,76,-17,529,3,494,691,359,52,314,48
2020-07-24,BCN,12655,122,1291,5,7110,66,2510,26,77,1,532,3,504,660,355,63,293,61
2020-07-25,BCN,12822,167,1325,34,7193,83,2532,22,78,1,538,6,526,673,379,62,320,80
2020-07-26,BCN,12934,112,1235,-90,7276,83,2552,20,69,-9,540,2,531,590,382,67,222,79
2020-07-27,BCN,13056,122,1097,-138,7385,109,2574,22,61,-8,541,1,516,493,374,46,147,63
2020-07-28,BCN,13150,94,1226,129,7419,34,2601,27,65,4,546,5,499,606,353,30,238,40
2020-07-29,BCN,13223,73,1241,15,7474,55,2609,8,65,0,546,0,449,601,359,29,229,39
2020-07-30,BCN,13304,81,1296,55,7543,69,2618,9,67,2,552,6,410,638,372,29,243,57
2020-07-31,BCN,13390,86,1326,30,7610,67,2641,23,72,5,557,5,373,709,366,30,261,47
2020-08-01,BCN,13594,204,1243,-83,7731,121,2674,33,62,-10,565,8,440,647,412,36,275,62
2020-08-02,BCN,13717,123,1116,-127,7821,90,2681,7,61,-1,567,2,458,518,421,39,218,57
2020-08-03,BCN,13794,77,1049,-67,7875,54,2693,12,64,3,567,0,394,464,380,32,161,52
2020-08-04,BCN,13826,32,1209,160,7901,26,2706,13,69,5,568,1,340,602,327,24,231,33
2020-08-05,BCN,13915,89,1309,100,7950,49,2734,28,71,2,571,3,314,700,304,24,296,33
2020-08-06,BCN,14130,215,1172,-137,8059,109,2751,17,72,1,579,8,392,637,335,41,301,36
2020-08-07,BCN,14222,92,1275,103,8112,53,2774,23,69,-3,579,0,379,713,326,49,357,46
2020-08-08,BCN,14473,251,1137,-138,8224,112,2804,30,51,-18,584,5,468,598,360,54,303,52
2020-08-09,BCN,14502,29,1135,-2,8266,42,2813,9,51,0,584,0,417,588,335,38,252,53
2020-08-10,BCN,14583,81,1095,-40,8298,32,2834,21,50,-1,591,7,332,615,275,21,212,29
2020-08-11,BCN,14685,102,1232,137,8346,48,2853,19,51,1,595,4,348,722,274,23,263,22
2020-08-12,BCN,14881,196,1090,-142,8490,144,2874,21,49,-2,608,13,446,617,338,20,286,31
2020-08-13,BCN,14993,112,1138,48,8547,57,2886,12,47,-2,614,6,440,668,337,21,326,38
2020-08-14,BCN,15117,124,1114,-24,8634,87,2904,18,46,-1,617,3,443,670,359,27,354,39
2020-08-15,BCN,15296,179,1015,-99,8749,115,2916,12,46,0,624,7,503,554,375,57,324,47
2020-08-16,BCN,15352,56,971,-44,8784,35,2923,7,49,3,625,1,476,502,358,42,241,51
2020-08-17,BCN,15379,27,973,2,8810,26,2936,13,56,7,628,3,386,529,292,16,182,29
2020-08-18,BCN,15472,93,1035,62,8884,74,2960,24,54,-2,632,4,364,579,307,14,223,23
2020-08-19,BCN,15549,77,1100,65,8937,53,2976,16,54,0,635,3,337,636,300,15,253,26
2020-08-20,BCN,15689,140,1109,9,9007,70,3007,31,45,-9,640,5,396,646,313,28,297,40
2020-08-21,BCN,15754,65,1162,53,9045,38,3034,27,17,-28,641,1,367,716,299,28,320,40
2020-08-22,BCN,15917,163,1068,-94,9176,131,3051,17,15,-2,644,3,418,616,360,49,317,57
2020-08-23,BCN,15997,80,988,-80,9231,55,3056,5,17,2,646,2,400,530,360,44,219,57
2020-08-24,BCN,16086,89,922,-66,9258,27,3071,15,15,-2,650,4,369,464,318,26,172,39
2020-08-25,BCN,16192,106,993,71,9317,59,3097,26,15,0,653,3,378,513,315,35,204,37
2020-08-26,BCN,16235,43,1138,145,9325,8,3117,20,19,4,655,2,351,627,276,28,277,19
2020-08-27,BCN,16326,91,1192,54,9406,81,3123,6,16,-3,657,2,338,683,303,38,313,51
2020-08-28,BCN,16486,160,1126,-66,9536,130,3142,19,20,4,661,4,368,688,345,44,364,66
2020-08-29,BCN,16681,195,1005,-121,9604,68,3163,21,12,-8,666,5,443,659,344,42,364,72
2020-08-30,BCN,16840,159,860,-145,9674,70,3172,9,6,-6,668,2,488,509,364,48,259,71
2020-08-31,BCN,16875,35,779,-81,9771,97,3187,15,12,6,676,8,400,514,327,21,191,30
2020-09-01,BCN,16987,112,837,58,9854,83,3207,20,9,-3,680,4,414,555,357,29,243,22
2020-09-02,BCN,17069,82,968,131,9954,100,3216,9,12,3,683,3,394,686,381,22,348,24
2020-09-03,BCN,17166,97,1065,97,10024,70,3238,22,17,5,684,1,404,756,384,16,416,21
2020-09-04,BCN,17325,159,1045,-20,10117,93,3255,17,17,0,685,1,460,713,417,54,399,31
2020-09-05,BCN,17460,135,1058,13,10229,112,3265,10,14,-3,692,7,492,707,460,52,413,64
2020-09-06,BCN,17647,187,844,-214,10316,87,3274,9,14,0,694,2,578,502,461,69,285,70
2020-09-07,BCN,17667,20,811,-33,10369,53,3280,6,17,3,696,2,472,523,356,23,241,32
2020-09-08,BCN,17687,20,1011,200,10386,17,3295,15,20,3,704,8,412,706,286,3,304,14
2020-09-09,BCN,17870,183,1008,-3,10456,70,3307,12,20,0,707,3,505,685,299,18,341,30
2020-09-10,BCN,17990,120,1035,27,10498,42,3314,7,22,2,714,7,510,723,291,33,362,37
2020-09-11,BCN,18157,167,992,-43,10611,113,3331,17,24,2,717,3,547,689,353,28,389,54
2020-09-12,BCN,18299,142,963,-29,10654,43,3346,15,17,-7,718,1,573,701,355,44,408,55
2020-09-13,BCN,18328,29,921,-42,10709,55,3349,3,18,1,718,0,496,647,353,30,296,59
2020-09-14,BCN,18346,18,899,-22,10730,21,3354,5,18,0,719,1,380,636,303,13,218,36
2020-09-15,BCN,18360,14,1123,224,10747,17,3369,15,19,1,721,2,283,819,260,3,319,19
2020-09-16,BCN,18386,26,1145,22,10806,59,3374,5,20,1,722,1,239,812,275,11,256,45
2020-09-17,BCN,18427,41,1084,-61,10868,62,3381,7,20,0,723,1,215,713,293,24,162,52
2020-09-18,BCN,18465,38,1272,188,10885,17,3402,21,24,4,725,2,175,836,267,18,262,33
2020-09-19,BCN,18501,36,1483,211,10908,23,3414,12,25,1,728,3,163,968,240,29,339,31
2020-09-20,BCN,18529,28,1430,-53,10974,66,3421,7,27,2,731,3,152,827,256,29,260,55
2020-09-21,BCN,18548,19,1445,15,10991,17,3430,9,33,6,732,1,135,736,235,22,221,36
2020-09-22,BCN,18619,71,1584,139,11027,36,3458,28,26,-7,736,4,135,843,218,22,277,22
2020-09-23,BCN,18713,94,1681,97,11106,79,3481,23,19,-7,741,5,163,926,238,27,368,25
2020-09-24,BCN,18822,109,1763,82,11229,123,3497,16,19,0,744,3,200,988,288,29,469,35
