Fecha,Estado,Positivos,Positivos_Delta,Sospechosos,Sospechosos_Delta,Negativos,Negativos_Delta,Defunciones_Positivos,Defunciones_Positivos_Delta,Defunciones_Sospechosos,Defunciones_Sospechosos_Delta,Defunciones_Negativos,Defunciones_Negativos_Delta,Positivos_Sintomas_14_Dias,Sospechosos_Sintomas_14_Dias,Negativos_Sintomas_14_Dias,Positivos_Sintomas_7_Dias,Sospechosos_Sintomas_7_Dias,Negativos_Sintomas_7_Dias
2020-04-12,DUR,18,0,63,0,269,0,4,0,0,0,2,0,4,38,97,0,11,10
2020-04-13,DUR,18,0,72,9,272,3,4,0,0,0,2,0,2,45,81,0,14,7
2020-04-14,DUR,17,-1,89,17,273,1,3,-1,0,0,3,1,2,57,70,0,22,3
2020-04-15,DUR,18,1,95,6,280,7,4,1,0,0,2,-1,2,55,65,0,25,2
2020-04-16,DUR,18,0,89,-6,306,26,4,0,0,0,5,3,1,55,61,0,38,2
2020-04-17,DUR,20,2,100,11,279,-27,4,0,0,0,6,1,2,69,52,1,39,7
2020-04-18,DUR,20,0,100,0,285,6,4,0,0,0,6,0,2,70,43,1,37,9
2020-04-19,DUR,22,2,95,-5,292,7,4,0,0,0,6,0,4,63,41,1,29,10
2020-04-20,DUR,23,1,62,-33,333,41,4,0,0,0,6,0,5,35,68,1,11,22
2020-04-21,DUR,31,8,20,-42,356,23,4,0,0,0,6,0,14,14,78,0,8,15
2020-04-22,DUR,33,2,26,6,416,60,5,1,0,0,6,0,16,20,73,2,10,13
2020-04-23,DUR,38,5,20,-6,437,21,5,0,0,0,6,0,20,15,85,3,8,14
2020-04-24,DUR,40,2,30,10,451,14,5,0,0,0,6,0,18,25,87,4,17,19
2020-04-25,DUR,42,2,33,3,490,39,6,1,1,1,7,1,16,30,118,4,21,32
2020-04-26,DUR,44,2,25,-8,511,21,6,0,0,-1,8,1,17,23,127,5,18,36
2020-04-27,DUR,45,1,37,12,525,14,6,0,0,0,8,0,15,35,127,2,27,30
2020-04-28,DUR,56,11,53,16,533,8,6,0,0,0,8,0,20,50,117,10,36,24
2020-04-29,DUR,58,2,88,35,556,23,6,0,0,0,8,0,22,84,126,10,60,34
2020-04-30,DUR,66,8,69,-19,592,36,7,1,1,1,8,0,29,66,143,10,46,22
2020-05-01,DUR,70,4,49,-20,622,30,7,0,1,0,8,0,32,49,158,8,37,31
2020-05-02,DUR,73,3,65,16,636,14,7,0,1,0,8,0,33,64,160,6,45,37
2020-05-03,DUR,75,2,114,49,639,3,7,0,1,0,8,0,33,113,146,2,90,24
2020-05-04,DUR,80,5,114,0,663,24,7,0,1,0,8,0,33,113,148,3,75,29
2020-05-05,DUR,80,0,137,23,671,8,8,1,0,-1,8,0,30,136,137,1,90,24
2020-05-06,DUR,91,11,100,-37,769,98,8,0,0,0,8,0,34,98,213,4,73,63
2020-05-07,DUR,97,6,98,-2,809,40,11,3,0,0,8,0,36,97,210,6,74,71
2020-05-08,DUR,107,10,109,11,869,60,11,0,0,0,8,0,39,108,253,9,95,75
2020-05-09,DUR,109,2,113,4,906,37,11,0,0,0,8,0,37,113,277,6,97,61
2020-05-10,DUR,115,6,93,-20,933,27,12,1,0,0,8,0,34,91,271,10,74,58
2020-05-11,DUR,117,2,98,5,949,16,12,0,0,0,8,0,33,94,241,8,69,55
2020-05-12,DUR,123,6,102,4,993,44,13,1,0,0,8,0,33,100,267,7,75,59
2020-05-13,DUR,127,4,129,27,1013,20,15,2,0,0,12,4,36,125,264,6,98,58
2020-05-14,DUR,144,17,129,0,1055,42,15,0,0,0,14,2,51,120,278,7,100,63
2020-05-15,DUR,150,6,169,40,1085,30,16,1,0,0,14,0,48,160,278,6,120,65
2020-05-16,DUR,156,6,176,7,1110,25,17,1,0,0,14,0,48,166,253,3,116,70
2020-05-17,DUR,158,2,169,-7,1137,27,17,0,1,1,14,0,45,158,249,3,82,63
2020-05-18,DUR,169,11,113,-56,1218,81,18,1,0,-1,14,0,50,100,299,8,59,56
2020-05-19,DUR,176,7,135,22,1246,28,19,1,1,1,18,4,49,121,284,6,84,43
2020-05-21,DUR,194,18,198,63,1304,58,23,4,1,0,21,3,46,178,286,5,124,50
2020-05-22,DUR,211,17,202,4,1344,40,26,3,1,0,21,0,53,179,276,12,124,52
2020-05-23,DUR,217,6,215,13,1370,26,26,0,2,1,21,0,52,192,271,14,121,56
2020-05-24,DUR,233,16,181,-34,1404,34,26,0,1,-1,22,1,65,157,246,23,87,67
2020-05-25,DUR,246,13,185,4,1436,32,26,0,2,1,22,0,70,156,236,20,71,68
2020-05-26,DUR,249,3,249,64,1451,15,27,1,2,0,22,0,65,216,219,13,111,51
2020-05-27,DUR,279,30,290,41,1477,26,32,5,2,0,23,1,85,243,228,24,142,49
2020-05-28,DUR,304,25,291,1,1550,73,33,1,3,1,24,1,102,236,273,33,147,90
2020-05-29,DUR,322,18,344,53,1589,39,34,1,3,0,25,1,109,281,275,33,203,101
2020-05-30,DUR,365,43,335,-9,1672,83,37,3,3,0,25,0,139,264,334,48,194,143
2020-05-31,DUR,384,19,276,-59,1750,78,37,0,3,0,25,0,151,203,392,51,123,169
2020-06-01,DUR,400,16,296,20,1788,38,37,0,3,0,25,0,153,203,401,48,123,144
2020-06-02,DUR,410,10,430,134,1803,15,41,4,3,0,25,0,147,323,382,43,197,103
2020-06-03,DUR,470,60,451,21,1883,80,43,2,3,0,25,0,186,344,415,64,223,111
2020-06-04,DUR,498,28,448,-3,2029,146,46,3,3,0,25,0,201,357,523,65,195,166
2020-06-05,DUR,536,38,470,22,2158,129,48,2,4,1,25,0,223,375,627,67,234,170
2020-06-06,DUR,567,31,469,-1,2266,108,52,4,4,0,26,1,231,366,692,67,233,200
2020-06-07,DUR,627,60,366,-103,2371,105,53,1,4,0,26,0,267,255,747,89,157,243
2020-06-08,DUR,659,32,392,26,2410,39,53,0,4,0,26,0,278,268,706,67,155,184
2020-06-09,DUR,683,24,556,164,2463,53,54,1,4,0,28,2,277,425,665,69,269,180
2020-06-10,DUR,724,41,645,89,2560,97,56,2,4,0,29,1,288,514,634,69,339,183
2020-06-11,DUR,775,51,661,16,2709,149,59,3,4,0,29,0,299,510,720,75,346,239
2020-06-12,DUR,856,81,653,-8,2860,151,65,6,5,1,31,2,344,499,778,86,338,255
2020-06-13,DUR,920,64,602,-51,3000,140,74,9,4,-1,31,0,366,449,866,89,310,281
2020-06-14,DUR,971,51,520,-82,3154,154,75,1,4,0,31,0,384,360,969,80,221,323
2020-06-15,DUR,985,14,596,76,3225,71,77,2,4,0,31,0,329,434,864,45,303,251
2020-06-16,DUR,1003,18,820,224,3299,74,78,1,3,-1,36,5,313,661,857,35,459,197
2020-06-17,DUR,1090,87,743,-77,3382,83,97,19,3,0,36,0,360,578,927,67,396,215
2020-06-18,DUR,1170,80,727,-16,3539,157,100,3,3,0,38,2,387,553,991,82,313,270
2020-06-19,DUR,1234,64,802,75,3634,95,104,4,3,0,46,8,387,622,966,92,350,290
2020-06-20,DUR,1321,87,663,-139,3799,165,107,3,3,0,46,0,416,469,1046,116,239,338
2020-06-21,DUR,1364,43,509,-154,3962,163,111,4,3,0,46,0,409,304,1106,108,119,383
2020-06-22,DUR,1374,10,588,79,3999,37,111,0,3,0,46,0,363,364,1026,78,164,289
2020-06-23,DUR,1393,19,716,128,4053,54,117,6,3,0,46,0,338,484,938,63,272,234
2020-06-24,DUR,1437,44,835,119,4113,60,128,11,4,1,47,1,316,603,848,44,365,194
2020-06-25,DUR,1567,130,838,3,4277,164,134,6,3,-1,49,2,388,563,885,104,391,189
2020-06-26,DUR,1653,86,862,24,4426,149,136,2,4,1,49,0,427,622,901,131,446,175
2020-06-27,DUR,1688,35,983,121,4483,57,138,2,4,0,52,3,417,739,849,121,513,144
2020-06-28,DUR,1736,48,1062,79,4566,83,138,0,4,0,53,1,401,817,829,122,614,135
2020-06-29,DUR,1787,51,1143,81,4646,80,141,3,3,-1,55,2,397,882,767,95,661,141
2020-06-30,DUR,1899,112,1112,-31,4747,101,144,3,5,2,55,0,449,866,750,90,654,137
2020-07-01,DUR,2001,102,1140,28,4825,78,149,5,5,0,56,1,460,909,743,85,640,114
2020-07-02,DUR,2080,79,1159,19,4929,104,153,4,5,0,58,2,487,910,731,112,567,137
2020-07-03,DUR,2157,77,1258,99,5000,71,159,6,3,-2,60,2,499,994,685,120,549,144
2020-07-04,DUR,2254,97,1115,-143,5157,157,159,0,3,0,60,0,544,828,710,109,362,228
2020-07-05,DUR,2349,95,935,-180,5302,145,160,1,3,0,60,0,596,637,805,115,154,280
2020-07-06,DUR,2380,31,958,23,5385,83,160,0,3,0,60,0,537,650,799,87,167,259
2020-07-07,DUR,2409,29,1078,120,5424,39,165,5,4,1,63,3,472,746,759,67,260,207
2020-07-08,DUR,2447,38,1222,144,5485,61,169,4,4,0,65,2,443,825,709,50,315,159
2020-07-09,DUR,2535,88,1176,-46,5649,164,175,6,8,4,78,13,472,710,774,72,330,208
2020-07-10,DUR,2625,90,1225,49,5758,109,180,5,5,-3,78,0,482,678,793,112,379,220
2020-07-11,DUR,2694,69,1092,-133,5843,85,183,3,4,-1,79,1,481,561,820,133,341,239
2020-07-12,DUR,2771,77,919,-173,5988,145,185,2,3,-1,78,-1,483,339,879,155,192,278
2020-07-13,DUR,2849,78,880,-39,6118,130,186,1,2,-1,78,0,481,341,868,109,208,240
2020-07-14,DUR,2878,29,1072,192,6164,46,201,15,2,0,80,2,453,530,808,79,360,184
2020-07-15,DUR,2924,46,1129,57,6255,91,218,17,4,2,83,3,421,560,764,76,382,174
2020-07-16,DUR,3004,80,1094,-35,6382,127,218,0,4,0,83,0,460,520,822,91,354,185
2020-07-17,DUR,3086,82,1141,47,6533,151,224,6,3,-1,84,1,494,561,886,100,365,209
2020-07-18,DUR,3186,100,1095,-46,6679,146,228,4,2,-1,85,1,544,512,953,117,324,250
2020-07-19,DUR,3270,84,924,-171,6829,150,230,2,2,0,85,0,582,336,998,130,198,254
2020-07-20,DUR,3314,44,798,-126,6958,129,230,0,2,0,85,0,527,197,1010,110,79,257
2020-07-21,DUR,3353,39,1003,205,6989,31,245,15,3,1,87,2,492,378,929,96,226,183
2020-07-22,DUR,3394,41,1160,157,7059,70,257,12,3,0,88,1,481,523,885,59,364,154
2020-07-23,DUR,3536,142,1106,-54,7212,153,258,1,2,-1,95,7,558,458,930,131,326,168
2020-07-24,DUR,3592,56,1192,86,7328,116,262,4,2,0,100,5,520,527,899,134,370,200
2020-07-25,DUR,3695,103,1090,-102,7535,207,266,4,2,0,103,3,564,420,1014,148,283,286
2020-07-26,DUR,3778,83,877,-213,7704,169,270,4,2,0,103,0,601,197,1069,160,99,337
2020-07-27,DUR,3800,22,882,5,7738,34,270,0,2,0,103,0,558,187,982,96,97,208
2020-07-28,DUR,3840,40,1074,192,7786,48,272,2,2,0,104,1,526,359,892,66,236,169
2020-07-29,DUR,3869,29,1155,81,7867,81,278,6,2,0,105,1,460,427,880,61,278,156
2020-07-30,DUR,3957,88,1223,68,8005,138,279,1,2,0,107,2,496,493,900,84,307,202
2020-07-31,DUR,4039,82,1262,39,8155,150,282,3,2,0,109,2,518,524,962,89,295,237
2020-08-01,DUR,4167,128,1228,-34,8374,219,288,6,3,1,113,4,563,499,1056,126,321,283
2020-08-02,DUR,4251,84,1071,-157,8533,159,288,0,3,0,113,0,587,337,1119,126,171,302
2020-08-03,DUR,4331,80,947,-124,8644,111,288,0,3,0,113,0,532,234,1010,118,94,235
2020-08-04,DUR,4391,60,1081,134,8745,101,298,10,3,0,114,1,503,373,999,84,243,177
2020-08-05,DUR,4448,57,1136,55,8848,103,308,10,4,1,117,3,505,436,978,76,311,181
2020-08-06,DUR,4575,127,1064,-72,9030,182,321,13,5,1,126,9,566,366,1059,109,283,252
2020-08-07,DUR,4624,49,1166,102,9128,98,332,11,4,-1,135,9,540,459,1020,98,357,244
2020-08-08,DUR,4711,87,1139,-27,9263,135,338,6,4,0,136,1,552,430,1035,99,324,248
2020-08-09,DUR,4818,107,903,-236,9445,182,338,0,5,1,136,0,587,192,1082,125,105,302
2020-08-10,DUR,4850,32,865,-38,9509,64,345,7,5,0,138,2,544,152,985,79,72,214
2020-08-11,DUR,4921,71,980,115,9606,97,350,5,5,0,138,0,532,260,947,91,174,201
2020-08-12,DUR,4970,49,1145,165,9652,46,366,16,5,0,141,3,528,427,896,74,328,146
2020-08-13,DUR,5048,78,1182,37,9827,175,368,2,5,0,141,0,530,460,984,96,372,208
2020-08-14,DUR,5151,103,1201,19,9911,84,372,4,5,0,142,1,558,489,952,135,380,205
2020-08-15,DUR,5267,116,1148,-53,10099,188,374,2,5,0,143,1,590,431,1002,166,326,263
2020-08-16,DUR,5317,50,1018,-130,10215,116,374,0,5,0,143,0,567,297,996,148,198,268
2020-08-17,DUR,5386,69,912,-106,10304,89,374,0,5,0,143,0,550,177,947,114,110,200
2020-08-18,DUR,5427,41,1094,182,10390,86,375,1,5,0,144,1,535,352,925,82,267,170
2020-08-19,DUR,5470,43,1209,115,10468,78,388,13,6,1,150,6,508,471,895,61,353,156
2020-08-20,DUR,5611,141,1103,-106,10689,221,393,5,6,0,151,1,602,362,1020,116,268,270
2020-08-21,DUR,5676,65,1204,101,10750,61,397,4,6,0,156,5,597,455,982,112,322,247
2020-08-22,DUR,5756,80,1287,83,10842,92,397,0,7,1,156,0,594,537,951,121,354,256
2020-08-23,DUR,5867,111,1040,-247,11050,208,397,0,7,0,156,0,635,290,1046,157,155,273
2020-08-24,DUR,5912,45,1014,-26,11102,52,397,0,6,-1,157,1,584,248,934,120,127,203
2020-08-25,DUR,5972,60,1211,197,11195,93,402,5,6,0,157,0,554,425,915,104,244,184
2020-08-26,DUR,6029,57,1394,183,11284,89,409,7,7,1,159,2,538,610,891,76,408,150
2020-08-27,DUR,6165,136,1323,-71,11444,160,413,4,7,0,159,0,633,538,1002,113,338,228
2020-08-28,DUR,6206,41,1420,97,11494,50,422,9,5,-2,159,0,596,665,997,98,426,235
2020-08-29,DUR,6272,66,1474,54,11575,81,439,17,5,0,163,4,587,688,1000,93,461,247
2020-08-30,DUR,6379,107,1229,-245,11758,183,440,1,4,-1,163,0,631,439,1023,104,279,248
2020-08-31,DUR,6394,15,1233,4,11786,28,445,5,4,0,164,1,556,431,920,70,236,188
2020-09-01,DUR,6586,192,1117,-116,12016,230,455,10,4,0,165,1,641,309,1006,138,196,234
2020-09-02,DUR,6604,18,1337,220,12048,32,466,11,4,0,167,2,584,516,955,68,336,169
2020-09-03,DUR,6718,114,1404,67,12188,140,469,3,5,1,169,2,576,563,963,110,389,222
2020-09-04,DUR,6814,96,1502,98,12272,84,481,12,5,0,172,3,600,657,945,114,469,193
2020-09-05,DUR,6947,133,1479,-23,12452,180,491,10,8,3,177,5,668,621,1027,150,464,232
2020-09-06,DUR,7103,156,1253,-226,12579,127,491,0,8,0,177,0,745,387,1007,184,263,262
2020-09-07,DUR,7161,58,1142,-111,12674,95,491,0,8,0,177,0,729,265,992,119,173,215
2020-09-08,DUR,7262,101,1191,49,12837,163,498,7,6,-2,179,2,737,306,994,115,204,233
2020-09-09,DUR,7295,33,1461,270,12875,38,514,16,6,0,181,2,651,561,920,78,415,158
2020-09-10,DUR,7363,68,1548,87,13019,144,521,7,6,0,181,0,629,693,940,82,492,188
2020-09-11,DUR,7493,130,1513,-35,13193,174,527,6,6,0,181,0,673,645,1006,89,455,239
2020-09-12,DUR,7628,135,1455,-58,13416,223,534,7,6,0,181,0,724,582,1111,120,452,270
2020-09-13,DUR,7723,95,1300,-155,13538,122,534,0,6,0,181,0,715,398,1139,118,286,262
