Fecha,Estado,Positivos,Positivos_Delta,Sospechosos,Sospechosos_Delta,Negativos,Negativos_Delta,Defunciones_Positivos,Defunciones_Positivos_Delta,Defunciones_Sospechosos,Defunciones_Sospechosos_Delta,Defunciones_Negativos,Defunciones_Negativos_Delta,Positivos_Sintomas_14_Dias,Sospechosos_Sintomas_14_Dias,Negativos_Sintomas_14_Dias,Positivos_Sintomas_7_Dias,Sospechosos_Sintomas_7_Dias,Negativos_Sintomas_7_Dias
2020-04-12,ROO,226,0,203,0,408,0,19,0,6,0,10,0,86,132,93,9,46,14
2020-04-13,ROO,242,16,206,3,419,11,22,3,7,1,14,4,86,126,92,9,35,9
2020-04-14,ROO,248,6,203,-3,442,23,25,3,7,0,18,4,83,125,89,2,50,7
2020-04-15,ROO,272,24,182,-21,466,24,27,2,6,-1,19,1,94,95,91,3,52,9
2020-04-16,ROO,279,7,191,9,475,9,28,1,7,1,18,-1,86,103,79,6,49,9
2020-04-17,ROO,282,3,235,44,433,-42,31,3,6,-1,20,2,74,145,69,2,69,11
2020-04-18,ROO,317,35,193,-42,453,20,31,0,5,-1,21,1,94,108,74,11,42,11
2020-04-19,ROO,325,8,187,-6,461,8,31,0,5,0,21,0,80,97,66,9,32,10
2020-04-20,ROO,364,39,152,-35,484,23,34,3,4,-1,22,1,95,70,68,15,33,9
2020-04-21,ROO,398,34,89,-63,495,11,47,13,0,-4,21,-1,102,80,68,13,50,5
2020-04-22,ROO,432,34,72,-17,578,83,56,9,1,1,24,3,111,71,75,16,45,10
2020-04-23,ROO,468,36,58,-14,594,16,61,5,1,0,26,2,121,58,76,19,42,15
2020-04-24,ROO,519,51,57,-1,610,16,72,11,0,-1,27,1,146,57,73,22,39,10
2020-04-25,ROO,550,31,57,0,623,13,77,5,0,0,27,0,144,57,68,18,31,11
2020-04-26,ROO,604,54,78,21,632,9,80,3,0,0,28,1,162,76,69,18,38,5
2020-04-27,ROO,653,49,146,68,652,20,86,6,2,2,28,0,178,139,72,14,60,10
2020-04-28,ROO,698,45,181,35,667,15,91,5,1,-1,28,0,185,166,70,10,85,8
2020-04-29,ROO,711,13,232,51,672,5,109,18,5,4,33,5,172,201,64,10,104,8
2020-04-30,ROO,788,77,208,-24,691,19,116,7,3,-2,34,1,209,175,71,30,105,11
2020-05-01,ROO,830,42,147,-61,722,31,118,2,2,-1,35,1,215,130,78,36,81,16
2020-05-02,ROO,889,59,89,-58,750,28,118,0,3,1,35,0,225,78,91,45,42,25
2020-05-03,ROO,911,22,94,5,762,12,120,2,5,2,35,0,222,84,88,32,44,25
2020-05-04,ROO,922,11,140,46,766,4,121,1,7,2,36,1,187,118,78,24,66,16
2020-05-05,ROO,955,33,142,2,769,3,144,23,9,2,39,3,190,122,76,19,72,9
2020-05-06,ROO,980,25,166,24,781,12,160,16,7,-2,41,2,188,151,82,17,100,9
2020-05-07,ROO,999,19,183,17,798,17,169,9,10,3,42,1,181,170,86,23,114,14
2020-05-08,ROO,1032,33,176,-7,826,28,177,8,12,2,43,1,194,168,98,27,108,20
2020-05-09,ROO,1071,39,150,-26,858,32,184,7,10,-2,46,3,195,139,120,34,80,34
2020-05-10,ROO,1081,10,166,16,858,0,185,1,9,-1,48,2,173,156,108,28,93,24
2020-05-11,ROO,1118,37,139,-27,895,37,193,8,9,0,51,3,181,125,130,27,72,43
2020-05-12,ROO,1144,26,178,39,903,8,211,18,9,0,53,2,177,162,122,30,106,32
2020-05-13,ROO,1177,33,160,-18,930,27,222,11,9,0,57,4,184,154,138,34,106,35
2020-05-14,ROO,1227,50,163,3,958,28,229,7,10,1,62,5,218,143,157,51,106,39
2020-05-15,ROO,1257,30,179,16,984,26,234,5,11,1,64,2,218,151,164,43,116,43
2020-05-16,ROO,1289,32,181,2,1020,36,242,8,12,1,66,2,215,110,185,39,71,51
2020-05-17,ROO,1315,26,178,-3,1031,11,246,4,13,1,66,0,214,107,183,27,59,39
2020-05-18,ROO,1346,31,184,6,1069,38,253,7,13,0,67,1,197,112,197,23,76,37
2020-05-19,ROO,1365,19,210,26,1093,24,263,10,15,2,70,3,198,135,199,20,102,34
2020-05-21,ROO,1450,85,220,10,1152,59,281,18,14,-1,74,4,221,146,211,36,102,50
2020-05-22,ROO,1530,80,194,-26,1170,18,284,3,17,3,76,2,220,160,210,40,111,49
2020-05-23,ROO,1580,50,159,-35,1206,36,289,5,16,-1,79,3,226,126,217,45,93,51
2020-05-24,ROO,1609,29,157,-2,1225,19,292,3,10,-6,87,8,218,128,196,47,91,36
2020-05-25,ROO,1641,32,152,-5,1261,36,294,2,10,0,89,2,234,121,197,40,89,39
2020-05-26,ROO,1683,42,186,34,1295,34,304,10,9,-1,92,3,248,153,210,33,111,53
2020-05-27,ROO,1729,46,180,-6,1314,19,323,19,10,1,96,4,254,146,212,39,96,47
2020-05-28,ROO,1776,47,180,0,1348,34,337,14,8,-2,97,1,275,143,222,47,107,46
2020-05-29,ROO,1815,39,178,-2,1379,31,341,4,10,2,101,4,281,139,229,54,107,49
2020-05-30,ROO,1850,35,211,33,1409,30,347,6,10,0,104,3,285,170,232,50,132,54
2020-05-31,ROO,1882,32,187,-24,1437,28,352,5,8,-2,104,0,289,146,228,43,112,53
2020-06-01,ROO,1926,44,177,-10,1463,26,355,3,9,1,106,2,284,133,232,47,80,50
2020-06-02,ROO,1956,30,208,31,1498,35,363,8,8,-1,108,2,268,163,246,46,123,39
2020-06-03,ROO,2010,54,230,22,1524,26,393,30,2,-6,113,5,268,189,246,41,151,29
2020-06-04,ROO,2072,62,211,-19,1568,44,401,8,2,0,118,5,301,169,258,61,138,47
2020-06-05,ROO,2116,44,207,-4,1605,37,411,10,1,-1,124,6,313,163,268,62,133,58
2020-06-06,ROO,2161,45,162,-45,1651,46,418,7,1,0,126,2,323,118,289,61,99,72
2020-06-07,ROO,2179,18,169,7,1669,18,418,0,2,1,127,1,303,123,272,47,99,54
2020-06-08,ROO,2197,18,205,36,1696,27,422,4,4,2,128,1,271,152,256,27,114,48
2020-06-09,ROO,2235,38,243,38,1720,24,441,19,5,1,130,2,285,191,243,22,155,48
2020-06-10,ROO,2283,48,245,2,1772,52,447,6,7,2,132,2,284,193,261,37,161,71
2020-06-11,ROO,2329,46,276,31,1812,40,455,8,7,0,136,4,289,221,282,58,176,87
2020-06-12,ROO,2384,55,271,-5,1869,57,458,3,5,-2,137,1,303,217,314,66,175,93
2020-06-13,ROO,2443,59,256,-15,1910,41,464,6,2,-3,140,3,319,205,324,70,168,68
2020-06-14,ROO,2505,62,201,-55,1968,58,467,3,3,1,141,1,344,147,345,82,104,94
2020-06-15,ROO,2512,7,284,83,1979,11,474,7,4,1,143,2,300,225,317,46,160,63
2020-06-16,ROO,2562,50,316,32,2033,54,487,13,4,0,150,7,312,256,343,40,204,70
2020-06-17,ROO,2659,97,295,-21,2068,35,498,11,5,1,152,2,380,234,349,72,189,55
2020-06-18,ROO,2736,77,319,24,2114,46,500,2,7,2,152,0,425,259,365,79,212,69
2020-06-19,ROO,2795,59,329,10,2174,60,507,7,6,-1,153,1,442,267,373,85,207,89
2020-06-20,ROO,2855,60,296,-33,2244,70,510,3,7,1,153,0,455,230,381,89,183,105
2020-06-21,ROO,2946,91,202,-94,2291,47,515,5,5,-2,153,0,488,133,399,112,95,113
2020-06-22,ROO,2970,24,313,111,2310,19,518,3,5,0,155,2,448,240,369,75,186,86
2020-06-23,ROO,3011,41,442,129,2328,18,524,6,8,3,157,2,443,359,351,62,291,48
2020-06-24,ROO,3143,132,436,-6,2388,60,535,11,5,-3,161,4,515,349,361,116,296,70
2020-06-25,ROO,3233,90,461,25,2468,80,544,9,10,5,164,3,540,371,408,136,312,101
2020-06-26,ROO,3303,70,497,36,2562,94,552,8,9,-1,168,4,554,404,447,126,335,147
2020-06-27,ROO,3399,96,456,-41,2644,82,557,5,6,-3,171,3,591,358,486,107,244,116
2020-06-28,ROO,3437,38,456,0,2702,58,563,6,6,0,172,1,577,354,500,89,226,90
2020-06-29,ROO,3539,102,500,44,2750,48,567,4,7,1,172,0,605,389,498,110,268,66
2020-06-30,ROO,3619,80,603,103,2806,56,577,10,5,-2,177,5,612,497,501,77,382,56
2020-07-01,ROO,3783,164,626,23,2885,79,597,20,4,-1,181,4,716,515,542,153,401,85
2020-07-02,ROO,3947,164,607,-19,2946,61,607,10,6,2,183,2,803,488,559,203,361,118
2020-07-03,ROO,4074,127,608,1,3043,97,610,3,5,-1,185,2,840,485,609,197,350,143
2020-07-04,ROO,4196,122,533,-75,3118,75,617,7,7,2,187,2,832,397,551,194,279,142
2020-07-05,ROO,4245,49,528,-5,3126,8,626,9,8,1,187,0,806,392,501,101,252,87
2020-07-06,ROO,4333,88,593,65,3155,29,630,4,10,2,187,0,814,450,469,87,283,72
2020-07-07,ROO,4447,114,676,83,3160,5,645,15,9,-1,195,8,828,519,441,89,363,44
2020-07-08,ROO,4570,123,711,35,3205,45,660,15,9,0,200,5,867,555,441,109,398,28
2020-07-09,ROO,4763,193,710,-1,3235,30,671,11,12,3,202,2,955,536,427,168,401,30
2020-07-10,ROO,4824,61,877,167,3261,26,689,18,11,-1,206,4,874,695,384,120,518,30
2020-07-11,ROO,5045,221,728,-149,3325,64,693,4,12,1,209,3,980,537,370,176,378,56
2020-07-12,ROO,5237,192,556,-172,3411,86,699,6,8,-4,211,2,1005,353,369,228,225,107
2020-07-13,ROO,5361,124,595,39,3445,34,707,8,12,4,212,1,1008,384,345,188,267,92
2020-07-14,ROO,5435,74,785,190,3467,22,734,27,11,-1,215,3,980,562,311,128,431,76
2020-07-15,ROO,5533,98,873,88,3516,49,748,14,9,-2,220,5,955,644,306,121,467,73
2020-07-16,ROO,5627,94,926,53,3551,35,766,18,14,5,222,2,939,679,309,86,456,52
2020-07-17,ROO,5781,154,947,21,3641,90,772,6,13,-1,222,0,948,683,369,108,455,67
2020-07-18,ROO,6096,315,678,-269,3843,202,791,19,11,-2,225,3,1104,422,532,211,311,176
2020-07-19,ROO,6161,65,667,-11,3905,62,797,6,10,-1,227,2,1040,399,571,171,253,177
2020-07-20,ROO,6285,124,555,-112,3996,91,800,3,9,-1,227,0,1010,270,608,152,157,170
2020-07-21,ROO,6370,85,693,138,4039,43,827,27,13,4,228,1,961,405,599,109,296,116
2020-07-22,ROO,6503,133,734,41,4115,76,850,23,13,0,232,4,964,437,618,117,321,117
2020-07-23,ROO,6560,57,900,166,4145,30,871,21,12,-1,235,3,859,597,569,95,423,61
2020-07-24,ROO,6800,240,775,-125,4262,117,890,19,12,0,239,4,947,463,610,212,297,130
2020-07-25,ROO,7021,221,654,-121,4359,97,913,23,12,0,242,3,1033,347,646,236,241,152
2020-07-26,ROO,7115,94,628,-26,4399,40,921,8,10,-2,243,1,999,316,621,190,178,119
2020-07-27,ROO,7219,104,586,-42,4445,46,931,10,10,0,244,1,973,259,581,130,134,91
2020-07-28,ROO,7271,52,783,197,4473,28,947,16,12,2,247,3,906,445,517,101,299,66
2020-07-29,ROO,7406,135,739,-44,4547,74,964,17,14,2,249,2,916,393,517,122,241,90
2020-07-30,ROO,7545,139,769,30,4610,63,984,20,13,-1,258,9,934,417,476,136,283,96
2020-07-31,ROO,7693,148,763,-6,4703,93,997,13,15,2,261,3,974,406,525,184,264,135
2020-08-01,ROO,7840,147,742,-21,4774,71,1015,18,13,-2,263,2,974,377,543,188,243,147
2020-08-02,ROO,7971,131,611,-131,4859,85,1019,4,13,0,263,0,946,230,548,192,126,157
2020-08-03,ROO,8026,55,654,43,4876,17,1026,7,14,1,266,3,846,257,485,151,135,111
2020-08-04,ROO,8097,71,774,120,4913,37,1034,8,15,1,270,4,824,360,468,95,233,88
2020-08-05,ROO,8233,136,790,16,4982,69,1066,32,14,-1,277,7,829,371,488,116,248,103
2020-08-06,ROO,8359,126,805,15,5067,85,1082,16,14,0,283,6,843,375,519,154,250,135
2020-08-07,ROO,8492,133,777,-28,5141,74,1099,17,13,-1,284,1,871,341,547,171,248,149
2020-08-08,ROO,8609,117,711,-66,5217,76,1114,15,13,0,290,6,863,275,562,157,202,160
2020-08-09,ROO,8694,85,647,-64,5274,57,1116,2,12,-1,291,1,824,208,554,154,133,133
2020-08-10,ROO,8762,68,590,-57,5330,56,1129,13,11,-1,297,6,756,177,523,111,87,120
2020-08-11,ROO,8816,54,753,163,5355,25,1145,16,12,1,299,2,671,331,485,81,260,87
2020-08-12,ROO,8952,136,702,-51,5426,71,1166,21,15,3,302,3,716,277,494,131,200,93
2020-08-13,ROO,9054,102,674,-28,5495,69,1186,20,14,-1,304,2,740,247,509,132,180,109
2020-08-14,ROO,9149,95,681,7,5552,57,1210,24,16,2,307,3,738,256,510,145,167,121
2020-08-15,ROO,9238,89,650,-31,5612,60,1216,6,15,-1,310,3,705,218,510,145,147,134
2020-08-16,ROO,9298,60,598,-52,5670,58,1222,6,15,0,311,1,671,159,486,122,96,131
2020-08-17,ROO,9327,29,606,8,5700,30,1225,3,17,2,312,1,595,153,467,91,84,95
2020-08-18,ROO,9397,70,696,90,5725,25,1245,20,18,1,318,6,564,268,429,64,196,69
2020-08-19,ROO,9506,109,695,-1,5774,49,1270,25,18,0,324,6,591,261,414,103,191,74
2020-08-20,ROO,9589,83,661,-34,5856,82,1286,16,17,-1,330,6,582,222,445,127,164,105
2020-08-21,ROO,9654,65,656,-5,5897,41,1301,15,19,2,331,1,570,205,447,128,155,111
2020-08-22,ROO,9722,68,669,13,5951,54,1315,14,18,-1,338,7,557,216,457,118,154,128
2020-08-23,ROO,9806,84,593,-76,6007,56,1322,7,17,-1,338,0,557,137,453,137,88,120
2020-08-24,ROO,9816,10,615,22,6015,8,1331,9,17,0,338,0,495,150,393,93,99,85
2020-08-25,ROO,9862,46,734,119,6049,34,1341,10,18,1,339,1,480,276,375,76,213,75
2020-08-26,ROO,9995,133,705,-29,6100,51,1361,20,17,-1,341,2,546,238,386,137,181,92
2020-08-27,ROO,10068,73,708,3,6160,60,1377,16,17,0,344,3,569,241,400,117,181,95
2020-08-28,ROO,10156,88,680,-28,6236,76,1391,14,18,1,349,5,585,209,438,154,157,132
2020-08-29,ROO,10222,66,683,3,6293,57,1396,5,18,0,353,4,574,205,456,155,142,145
2020-08-30,ROO,10294,72,592,-91,6349,56,1399,3,19,1,353,0,589,107,453,122,59,133
2020-08-31,ROO,10313,19,638,46,6369,20,1401,2,18,-1,356,3,546,149,423,81,86,86
2020-09-01,ROO,10364,51,691,53,6402,33,1412,11,17,-1,359,3,517,242,411,56,167,69
2020-09-02,ROO,10461,97,624,-67,6461,59,1419,7,18,1,360,1,550,228,432,80,166,72
2020-09-03,ROO,10543,82,627,3,6514,53,1428,9,19,1,360,0,538,231,421,101,175,90
2020-09-04,ROO,10616,73,603,-24,6588,74,1437,9,18,-1,363,3,556,209,462,100,163,113
2020-09-05,ROO,10669,53,578,-25,6663,75,1448,11,18,0,365,2,538,183,494,94,150,129
2020-09-06,ROO,10745,76,474,-104,6746,83,1460,12,13,-5,368,3,492,115,498,90,84,137
2020-09-07,ROO,10792,47,449,-25,6770,24,1468,8,9,-4,370,2,439,114,447,59,71,104
2020-09-08,ROO,10814,22,558,109,6792,22,1482,14,9,0,375,5,393,222,415,36,160,52
2020-09-09,ROO,10872,58,592,34,6845,53,1499,17,10,1,378,3,383,254,410,57,173,64
2020-09-10,ROO,10936,64,601,9,6904,59,1505,6,10,0,381,3,402,259,437,73,181,85
2020-09-11,ROO,10983,47,619,18,6952,48,1516,11,11,1,384,3,380,275,440,73,178,85
2020-09-12,ROO,11055,72,539,-80,7035,83,1519,3,10,-1,386,2,403,192,471,70,132,103
2020-09-13,ROO,11118,63,409,-130,7120,85,1529,10,9,-1,389,3,403,64,493,73,34,133
2020-09-14,ROO,11124,6,436,27,7134,14,1538,9,9,0,390,1,349,85,440,51,50,105
2020-09-15,ROO,11140,16,534,98,7143,9,1549,11,11,2,394,4,306,183,371,30,133,56
2020-09-16,ROO,11189,49,506,-28,7197,54,1556,7,10,-1,394,0,312,143,383,42,103,58
2020-09-17,ROO,11204,15,526,20,7207,10,1560,4,12,2,395,1,285,162,357,37,98,43
2020-09-18,ROO,11241,37,576,50,7254,47,1564,4,11,-1,398,3,271,211,349,38,144,49
2020-09-19,ROO,11290,49,582,6,7299,45,1586,22,12,1,404,6,264,220,347,50,150,72
2020-09-20,ROO,11373,83,478,-104,7381,82,1592,6,10,-2,406,2,302,118,381,75,74,97
2020-09-21,ROO,11384,11,500,22,7391,10,1597,5,9,-1,406,0,268,136,345,52,89,68
2020-09-22,ROO,11410,26,601,101,7429,38,1602,5,10,1,408,2,262,232,320,37,163,69
2020-09-23,ROO,11478,68,676,75,7478,49,1611,9,10,0,412,4,269,335,313,40,247,69
2020-09-24,ROO,11555,77,619,-57,7587,109,1622,11,11,1,414,2,306,278,386,63,213,120
2020-09-25,ROO,11604,49,631,12,7651,64,1624,2,13,2,416,2,312,289,420,70,204,127
2020-09-26,ROO,11689,85,558,-73,7737,86,1635,11,8,-5,419,3,364,220,468,79,155,145
2020-09-27,ROO,11727,38,518,-40,7796,59,1638,3,8,0,421,2,364,175,486,52,110,120
2020-09-28,ROO,11759,32,527,9,7816,20,1640,2,10,2,421,0,353,172,457,41,101,68
